"Longitude (x)","Latitude (y)","Station Name","Climate ID","Date/Time (LST)","Year","Month","Day","Time (LST)","Flag","Temp (°C)","Temp Flag","Dew Point Temp (°C)","Dew Point Temp Flag","Rel Hum (%)","Rel Hum Flag","Precip. Amount (mm)","Precip. Amount Flag","Wind Dir (10s deg)","Wind Dir Flag","Wind Spd (km/h)","Wind Spd Flag","Visibility (km)","Visibility Flag","Stn Press (kPa)","Stn Press Flag","Hmdx","Hmdx Flag","Wind Chill","Wind Chill Flag","Weather"
"-71.39","46.79","QUEBEC INTL A","7016293","2025-05-01 00:00","2025","05","01","00:00","","0.0","","-5.0","","69","","","","36","","3","","24.1","","101.27","","","","-1","","NA"
"-71.39","46.79","QUEBEC INTL A","7016293","2025-05-01 01:00","2025","05","01","01:00","","-0.5","","-5.3","","70","","","","35","","6","","24.1","","101.33","","","","-3","","Clear"
"-71.39","46.79","QUEBEC INTL A","7016293","2025-05-01 02:00","2025","05","01","02:00","","-1.3","","-4.9","","76","","","","34","","6","","24.1","","101.36","","","","-4","","NA"
"-71.39","46.79","QUEBEC INTL A","7016293","2025-05-01 03:00","2025","05","01","03:00","","-1.5","","-4.9","","78","","","","36","","6","","24.1","","101.37","","","","-4","","NA"
"-71.39","46.79","QUEBEC INTL A","7016293","2025-05-01 04:00","2025","05","01","04:00","","-1.8","","-5.1","","78","","","","35","","9","","40.2","","101.36","","","","-5","","Mainly Clear"
"-71.39","46.79","QUEBEC INTL A","7016293","2025-05-01 05:00","2025","05","01","05:00","","-1.5","","-4.9","","78","","","","36","","8","","48.3","","101.39","","","","-5","","NA"
"-71.39","46.79","QUEBEC INTL A","7016293","2025-05-01 06:00","2025","05","01","06:00","","0.0","","-4.5","","72","","","","36","","8","","48.3","","101.43","","","","-3","","NA"
"-71.39","46.79","QUEBEC INTL A","7016293","2025-05-01 07:00","2025","05","01","07:00","","2.0","","-3.5","","67","","","","6","","11","","48.3","","101.44","","","","","","Mostly Cloudy"
"-71.39","46.79","QUEBEC INTL A","7016293","2025-05-01 08:00","2025","05","01","08:00","","3.4","","-3.7","","60","","","","11","","4","","48.3","","101.48","","","","","","NA"
"-71.39","46.79","QUEBEC INTL A","7016293","2025-05-01 09:00","2025","05","01","09:00","","4.8","","-3.6","","54","","","","3","","4","","48.3","","101.44","","","","","","NA"
"-71.39","46.79","QUEBEC INTL A","7016293","2025-05-01 10:00","2025","05","01","10:00","","6.4","","-3.6","","49","","","","23","","6","","48.3","","101.36","","","","","","Mostly Cloudy"
"-71.39","46.79","QUEBEC INTL A","7016293","2025-05-01 11:00","2025","05","01","11:00","","8.2","","-2.9","","45","","","","23","","11","","48.3","","101.31","","","","","","NA"
"-71.39","46.79","QUEBEC INTL A","7016293","2025-05-01 12:00","2025","05","01","12:00","","9.9","","-3.2","","39","","","","21","","12","","48.3","","101.22","","","","","","NA"
"-71.39","46.79","QUEBEC INTL A","7016293","2025-05-01 13:00","2025","05","01","13:00","","11.4","","-4.7","","32","","","","25","","14","","48.3","","101.11","","","","","","Mostly Cloudy"
"-71.39","46.79","QUEBEC INTL A","7016293","2025-05-01 14:00","2025","05","01","14:00","","12.7","","-3.5","","32","","","","21","","11","","48.3","","101.00","","","","","","NA"
"-71.39","46.79","QUEBEC INTL A","7016293","2025-05-01 15:00","2025","05","01","15:00","","13.0","","-7.7","","23","","","","23","","14","","48.3","","100.94","","","","","","NA"
"-71.39","46.79","QUEBEC INTL A","7016293","2025-05-01 16:00","2025","05","01","16:00","","14.3","","-8.7","","20","","","","26","","13","","48.3","","100.88","","","","","","Mostly Cloudy"
"-71.39","46.79","QUEBEC INTL A","7016293","2025-05-01 17:00","2025","05","01","17:00","","13.7","","-3.2","","31","","","","26","","9","","48.3","","100.87","","","","","","NA"
"-71.39","46.79","QUEBEC INTL A","7016293","2025-05-01 18:00","2025","05","01","18:00","","13.0","","-6.6","","25","","","","29","","3","","48.3","","100.80","","","","","","NA"
"-71.39","46.79","QUEBEC INTL A","7016293","2025-05-01 19:00","2025","05","01","19:00","","11.5","","-4.4","","32","","","","2","","4","","48.3","","100.74","","","","","","Cloudy"
"-71.39","46.79","QUEBEC INTL A","7016293","2025-05-01 20:00","2025","05","01","20:00","","9.8","","-2.1","","43","","","","4","","4","","24.1","","100.71","","","","","","NA"
"-71.39","46.79","QUEBEC INTL A","7016293","2025-05-01 21:00","2025","05","01","21:00","","9.7","","-4.8","","35","","","","","","0","","24.1","","100.69","","","","","","NA"
"-71.39","46.79","QUEBEC INTL A","7016293","2025-05-01 22:00","2025","05","01","22:00","","8.1","","2.7","","68","","","","6","","13","","24.1","","100.66","","","","","","Cloudy"
"-71.39","46.79","QUEBEC INTL A","7016293","2025-05-01 23:00","2025","05","01","23:00","","8.1","","0.9","","60","","","","8","","16","","24.1","","100.68","","","","","","NA"
"-71.39","46.79","QUEBEC INTL A","7016293","2025-05-02 00:00","2025","05","02","00:00","","7.7","","0.1","","59","","","","6","","12","","24.1","","100.62","","","","","","NA"
"-71.39","46.79","QUEBEC INTL A","7016293","2025-05-02 01:00","2025","05","02","01:00","","8.1","","0.8","","60","","","","8","","11","","24.1","","100.51","","","","","","Rain"
"-71.39","46.79","QUEBEC INTL A","7016293","2025-05-02 02:00","2025","05","02","02:00","","7.6","","0.8","","62","","","","5","","17","","24.1","","100.38","","","","","","NA"
"-71.39","46.79","QUEBEC INTL A","7016293","2025-05-02 03:00","2025","05","02","03:00","","8.3","","-0.1","","55","","","","12","","17","","24.1","","100.33","","","","","","Rain"
"-71.39","46.79","QUEBEC INTL A","7016293","2025-05-02 04:00","2025","05","02","04:00","","7.4","","0.8","","63","","","","8","","28","","24.1","","100.21","","","","","","Rain"
"-71.39","46.79","QUEBEC INTL A","7016293","2025-05-02 05:00","2025","05","02","05:00","","6.7","","1.9","","72","","","","8","","22","","24.1","","100.16","","","","","","Rain"
"-71.39","46.79","QUEBEC INTL A","7016293","2025-05-02 06:00","2025","05","02","06:00","","6.1","","3.2","","82","","","","7","","19","","16.1","","100.09","","","","","","Rain"
"-71.39","46.79","QUEBEC INTL A","7016293","2025-05-02 07:00","2025","05","02","07:00","","5.7","","4.0","","89","","","","7","","22","","9.7","","100.00","","","","","","Rain,Fog"
"-71.39","46.79","QUEBEC INTL A","7016293","2025-05-02 08:00","2025","05","02","08:00","","5.7","","4.8","","94","","","","7","","20","","6.4","","99.95","","","","","","Moderate Rain,Fog"
"-71.39","46.79","QUEBEC INTL A","7016293","2025-05-02 09:00","2025","05","02","09:00","","5.9","","5.7","","99","","","","7","","18","","3.6","","99.90","","","","","","Moderate Rain,Fog"
"-71.39","46.79","QUEBEC INTL A","7016293","2025-05-02 10:00","2025","05","02","10:00","","6.1","","6.1","","100","","","","8","","17","","6.4","","99.88","","","","","","Rain,Fog"
"-71.39","46.79","QUEBEC INTL A","7016293","2025-05-02 11:00","2025","05","02","11:00","","5.9","","5.9","","100","","","","8","","22","","2.4","","99.84","","","","","","Moderate Rain,Fog"
"-71.39","46.79","QUEBEC INTL A","7016293","2025-05-02 12:00","2025","05","02","12:00","","6.4","","6.4","","100","","","","6","","18","","2.0","","99.76","","","","","","Rain,Drizzle,Fog"
"-71.39","46.79","QUEBEC INTL A","7016293","2025-05-02 13:00","2025","05","02","13:00","","6.8","","6.8","","100","","","","6","","17","","2.0","","99.72","","","","","","Drizzle,Fog"
"-71.39","46.79","QUEBEC INTL A","7016293","2025-05-02 14:00","2025","05","02","14:00","","7.1","","7.1","","100","","","","8","","6","","4.8","","99.68","","","","","","Fog"
"-71.39","46.79","QUEBEC INTL A","7016293","2025-05-02 15:00","2025","05","02","15:00","","7.0","","7.0","","100","","","","8","","10","","2.0","","99.67","","","","","","Drizzle,Fog"
"-71.39","46.79","QUEBEC INTL A","7016293","2025-05-02 16:00","2025","05","02","16:00","","7.2","","7.2","","100","","","","7","","11","","3.2","","99.68","","","","","","Drizzle,Fog"
"-71.39","46.79","QUEBEC INTL A","7016293","2025-05-02 17:00","2025","05","02","17:00","","7.7","","7.7","","100","","","","8","","11","","3.2","","99.67","","","","","","Fog"
"-71.39","46.79","QUEBEC INTL A","7016293","2025-05-02 18:00","2025","05","02","18:00","","7.5","","7.5","","100","","","","6","","9","","6.4","","99.69","","","","","","Fog"
"-71.39","46.79","QUEBEC INTL A","7016293","2025-05-02 19:00","2025","05","02","19:00","","7.3","","7.3","","100","","","","6","","10","","6.4","","99.68","","","","","","Fog"
"-71.39","46.79","QUEBEC INTL A","7016293","2025-05-02 20:00","2025","05","02","20:00","","7.2","","7.2","","100","","","","","","0","","6.4","","99.74","","","","","","Fog"
"-71.39","46.79","QUEBEC INTL A","7016293","2025-05-02 21:00","2025","05","02","21:00","","6.7","","6.7","","100","","","","4","","4","","6.4","","99.74","","","","","","Fog"
"-71.39","46.79","QUEBEC INTL A","7016293","2025-05-02 22:00","2025","05","02","22:00","","6.3","","6.3","","100","","","","","","0","","11.3","","99.77","","","","","","Mainly Clear"
"-71.39","46.79","QUEBEC INTL A","7016293","2025-05-02 23:00","2025","05","02","23:00","","5.1","","5.1","","100","","","","25","","3","","1.2","","99.79","","","","","","Fog"
"-71.39","46.79","QUEBEC INTL A","7016293","2025-05-03 00:00","2025","05","03","00:00","","5.6","","5.6","","100","","","","24","","8","","3.2","","99.82","","","","","","Fog"
"-71.39","46.79","QUEBEC INTL A","7016293","2025-05-03 01:00","2025","05","03","01:00","","7.0","","7.0","","100","","","","22","","22","","9.7","","99.88","","","","","","Fog"
"-71.39","46.79","QUEBEC INTL A","7016293","2025-05-03 02:00","2025","05","03","02:00","","6.5","","6.5","","100","","","","23","","14","","11.3","","99.99","","","","","","NA"
"-71.39","46.79","QUEBEC INTL A","7016293","2025-05-03 03:00","2025","05","03","03:00","","7.6","","7.6","","100","","","","24","","9","","24.1","","100.07","","","","","","NA"
"-71.39","46.79","QUEBEC INTL A","7016293","2025-05-03 04:00","2025","05","03","04:00","","7.9","","7.6","","98","","","","23","","14","","48.3","","100.15","","","","","","Mostly Cloudy"
"-71.39","46.79","QUEBEC INTL A","7016293","2025-05-03 05:00","2025","05","03","05:00","","8.0","","7.1","","94","","","","25","","11","","48.3","","100.22","","","","","","NA"
"-71.39","46.79","QUEBEC INTL A","7016293","2025-05-03 06:00","2025","05","03","06:00","","8.3","","6.4","","88","","","","24","","10","","48.3","","100.27","","","","","","NA"
"-71.39","46.79","QUEBEC INTL A","7016293","2025-05-03 07:00","2025","05","03","07:00","","8.8","","4.3","","73","","","","33","","6","","48.3","","100.39","","","","","","Mostly Cloudy"
"-71.39","46.79","QUEBEC INTL A","7016293","2025-05-03 08:00","2025","05","03","08:00","","9.2","","3.6","","68","","","","36","","9","","48.3","","100.43","","","","","","NA"
"-71.39","46.79","QUEBEC INTL A","7016293","2025-05-03 09:00","2025","05","03","09:00","","9.9","","4.6","","69","","","","20","","6","","48.3","","100.47","","","","","","NA"
"-71.39","46.79","QUEBEC INTL A","7016293","2025-05-03 10:00","2025","05","03","10:00","","10.2","","5.9","","74","","","","21","","19","","48.3","","100.47","","","","","","Cloudy"
"-71.39","46.79","QUEBEC INTL A","7016293","2025-05-03 11:00","2025","05","03","11:00","","10.9","","6.2","","72","","","","20","","17","","48.3","","100.52","","","","","","NA"
"-71.39","46.79","QUEBEC INTL A","7016293","2025-05-03 12:00","2025","05","03","12:00","","11.0","","6.1","","72","","","","22","","21","","24.1","","100.51","","","","","","NA"
"-71.39","46.79","QUEBEC INTL A","7016293","2025-05-03 13:00","2025","05","03","13:00","","11.2","","5.6","","68","","","","22","","21","","48.3","","100.51","","","","","","Mostly Cloudy"
"-71.39","46.79","QUEBEC INTL A","7016293","2025-05-03 14:00","2025","05","03","14:00","","11.8","","5.1","","63","","","","22","","20","","48.3","","100.46","","","","","","NA"
"-71.39","46.79","QUEBEC INTL A","7016293","2025-05-03 15:00","2025","05","03","15:00","","12.4","","5.2","","61","","","","21","","16","","48.3","","100.45","","","","","","NA"
"-71.39","46.79","QUEBEC INTL A","7016293","2025-05-03 16:00","2025","05","03","16:00","","12.9","","5.1","","59","","","","22","","17","","48.3","","100.39","","","","","","Mostly Cloudy"
"-71.39","46.79","QUEBEC INTL A","7016293","2025-05-03 17:00","2025","05","03","17:00","","12.4","","4.2","","57","","","","20","","21","","48.3","","100.36","","","","","","NA"
"-71.39","46.79","QUEBEC INTL A","7016293","2025-05-03 18:00","2025","05","03","18:00","","11.9","","5.0","","62","","","","23","","13","","48.3","","100.39","","","","","","NA"
"-71.39","46.79","QUEBEC INTL A","7016293","2025-05-03 19:00","2025","05","03","19:00","","10.0","","4.2","","67","","","","25","","9","","48.3","","100.46","","","","","","Mostly Cloudy"
"-71.39","46.79","QUEBEC INTL A","7016293","2025-05-03 20:00","2025","05","03","20:00","","8.6","","4.3","","74","","","","26","","9","","24.1","","100.51","","","","","","NA"
"-71.39","46.79","QUEBEC INTL A","7016293","2025-05-03 21:00","2025","05","03","21:00","","8.0","","3.6","","74","","","","28","","4","","24.1","","100.52","","","","","","NA"
"-71.39","46.79","QUEBEC INTL A","7016293","2025-05-03 22:00","2025","05","03","22:00","","8.4","","2.8","","68","","","","35","","6","","24.1","","100.54","","","","","","Mostly Cloudy"
"-71.39","46.79","QUEBEC INTL A","7016293","2025-05-03 23:00","2025","05","03","23:00","","6.8","","3.3","","78","","","","3","","8","","24.1","","100.56","","","","","","NA"
"-71.39","46.79","QUEBEC INTL A","7016293","2025-05-04 00:00","2025","05","04","00:00","","6.0","","3.3","","83","","","","5","","11","","24.1","","100.56","","","","","","NA"
"-71.39","46.79","QUEBEC INTL A","7016293","2025-05-04 01:00","2025","05","04","01:00","","5.7","","3.2","","84","","","","3","","9","","24.1","","100.58","","","","","","Mostly Cloudy"
"-71.39","46.79","QUEBEC INTL A","7016293","2025-05-04 02:00","2025","05","04","02:00","","6.0","","2.8","","80","","","","1","","7","","24.1","","100.61","","","","","","NA"
"-71.39","46.79","QUEBEC INTL A","7016293","2025-05-04 03:00","2025","05","04","03:00","","3.7","","2.0","","89","","","","5","","9","","24.1","","100.59","","","","","","NA"
"-71.39","46.79","QUEBEC INTL A","7016293","2025-05-04 04:00","2025","05","04","04:00","","3.5","","2.4","","93","","","","3","","8","","24.1","","100.61","","","","","","Mostly Cloudy"
"-71.39","46.79","QUEBEC INTL A","7016293","2025-05-04 05:00","2025","05","04","05:00","","4.4","","2.1","","85","","","","2","","8","","24.1","","100.65","","","","","","NA"
"-71.39","46.79","QUEBEC INTL A","7016293","2025-05-04 06:00","2025","05","04","06:00","","5.0","","2.5","","84","","","","1","","7","","48.3","","100.69","","","","","","NA"
"-71.39","46.79","QUEBEC INTL A","7016293","2025-05-04 07:00","2025","05","04","07:00","","6.7","","3.4","","79","","","","1","","5","","48.3","","100.71","","","","","","Mostly Cloudy"
"-71.39","46.79","QUEBEC INTL A","7016293","2025-05-04 08:00","2025","05","04","08:00","","9.9","","4.1","","67","","","","30","","4","","48.3","","100.74","","","","","","NA"
"-71.39","46.79","QUEBEC INTL A","7016293","2025-05-04 09:00","2025","05","04","09:00","","12.7","","4.2","","56","","","","19","","8","","48.3","","100.72","","","","","","NA"
"-71.39","46.79","QUEBEC INTL A","7016293","2025-05-04 10:00","2025","05","04","10:00","","15.1","","4.4","","49","","","","22","","16","","48.3","","100.68","","","","","","Mostly Cloudy"
"-71.39","46.79","QUEBEC INTL A","7016293","2025-05-04 11:00","2025","05","04","11:00","","15.9","","4.5","","46","","","","21","","22","","48.3","","100.65","","","","","","NA"
"-71.39","46.79","QUEBEC INTL A","7016293","2025-05-04 12:00","2025","05","04","12:00","","16.8","","4.0","","42","","","","22","","29","","48.3","","100.61","","","","","","NA"
"-71.39","46.79","QUEBEC INTL A","7016293","2025-05-04 13:00","2025","05","04","13:00","","17.8","","4.5","","41","","","","22","","30","","48.3","","100.57","","","","","","Mainly Clear"
"-71.39","46.79","QUEBEC INTL A","7016293","2025-05-04 14:00","2025","05","04","14:00","","19.2","","3.9","","36","","","","23","","31","","48.3","","100.54","","","","","","NA"
"-71.39","46.79","QUEBEC INTL A","7016293","2025-05-04 15:00","2025","05","04","15:00","","19.9","","0.3","","27","","","","32","","9","","48.3","","100.61","","","","","","NA"
"-71.39","46.79","QUEBEC INTL A","7016293","2025-05-04 16:00","2025","05","04","16:00","","20.3","","1.2","","28","","","","31","","8","","48.3","","100.65","","","","","","Mostly Cloudy"
"-71.39","46.79","QUEBEC INTL A","7016293","2025-05-04 17:00","2025","05","04","17:00","","19.9","","1.6","","29","","","","35","","9","","48.3","","100.69","","","","","","NA"
"-71.39","46.79","QUEBEC INTL A","7016293","2025-05-04 18:00","2025","05","04","18:00","","17.9","","1.0","","32","","","","1","","13","","48.3","","100.81","","","","","","NA"
"-71.39","46.79","QUEBEC INTL A","7016293","2025-05-04 19:00","2025","05","04","19:00","","15.4","","-2.1","","30","","","","33","","9","","48.3","","100.92","","","","","","Mainly Clear"
"-71.39","46.79","QUEBEC INTL A","7016293","2025-05-04 20:00","2025","05","04","20:00","","14.1","","-1.8","","33","","","","2","","14","","24.1","","101.04","","","","","","NA"
"-71.39","46.79","QUEBEC INTL A","7016293","2025-05-04 21:00","2025","05","04","21:00","","12.4","","-2.8","","35","","","","3","","11","","24.1","","101.19","","","","","","NA"
"-71.39","46.79","QUEBEC INTL A","7016293","2025-05-04 22:00","2025","05","04","22:00","","10.8","","-5.0","","32","","","","1","","13","","24.1","","101.27","","","","","","Mostly Cloudy"
"-71.39","46.79","QUEBEC INTL A","7016293","2025-05-04 23:00","2025","05","04","23:00","","9.7","","-5.5","","34","","","","2","","9","","24.1","","101.37","","","","","","NA"
"-71.39","46.79","QUEBEC INTL A","7016293","2025-05-05 00:00","2025","05","05","00:00","","7.7","","-5.4","","39","","","","36","","8","","24.1","","101.42","","","","","","NA"
"-71.39","46.79","QUEBEC INTL A","7016293","2025-05-05 01:00","2025","05","05","01:00","","6.6","","-5.3","","42","","","","36","","9","","24.1","","101.49","","","","","","Mostly Cloudy"
"-71.39","46.79","QUEBEC INTL A","7016293","2025-05-05 02:00","2025","05","05","02:00","","6.0","","-6.0","","42","","","","1","","11","","24.1","","101.53","","","","","","NA"
"-71.39","46.79","QUEBEC INTL A","7016293","2025-05-05 03:00","2025","05","05","03:00","","4.6","","-5.7","","47","","","","36","","10","","24.1","","101.64","","","","","","NA"
"-71.39","46.79","QUEBEC INTL A","7016293","2025-05-05 04:00","2025","05","05","04:00","","3.4","","-5.5","","52","","","","1","","10","","48.3","","101.73","","","","","","Mostly Cloudy"
"-71.39","46.79","QUEBEC INTL A","7016293","2025-05-05 05:00","2025","05","05","05:00","","3.4","","-5.4","","53","","","","1","","9","","48.3","","101.82","","","","","","NA"
"-71.39","46.79","QUEBEC INTL A","7016293","2025-05-05 06:00","2025","05","05","06:00","","5.5","","-4.8","","48","","","","3","","9","","48.3","","101.92","","","","","","NA"
"-71.39","46.79","QUEBEC INTL A","7016293","2025-05-05 07:00","2025","05","05","07:00","","9.1","","-5.2","","36","","","","7","","24","","48.3","","102.00","","","","","","Mainly Clear"
"-71.39","46.79","QUEBEC INTL A","7016293","2025-05-05 08:00","2025","05","05","08:00","","10.2","","-3.7","","37","","","","6","","26","","48.3","","102.06","","","","","","NA"
"-71.39","46.79","QUEBEC INTL A","7016293","2025-05-05 09:00","2025","05","05","09:00","","11.4","","-5.2","","31","","","","8","","26","","48.3","","102.07","","","","","","NA"
"-71.39","46.79","QUEBEC INTL A","7016293","2025-05-05 10:00","2025","05","05","10:00","","12.7","","-4.4","","30","","","","6","","28","","48.3","","102.04","","","","","","Mostly Cloudy"
"-71.39","46.79","QUEBEC INTL A","7016293","2025-05-05 11:00","2025","05","05","11:00","","13.8","","-5.4","","26","","","","8","","24","","48.3","","102.02","","","","","","NA"
"-71.39","46.79","QUEBEC INTL A","7016293","2025-05-05 12:00","2025","05","05","12:00","","15.2","","-3.0","","28","","","","8","","24","","48.3","","101.97","","","","","","NA"
"-71.39","46.79","QUEBEC INTL A","7016293","2025-05-05 13:00","2025","05","05","13:00","","15.9","","-2.5","","28","","","","8","","22","","48.3","","101.90","","","","","","Mostly Cloudy"
"-71.39","46.79","QUEBEC INTL A","7016293","2025-05-05 14:00","2025","05","05","14:00","","17.3","","-1.3","","28","","","","6","","23","","48.3","","101.84","","","","","","NA"
"-71.39","46.79","QUEBEC INTL A","7016293","2025-05-05 15:00","2025","05","05","15:00","","17.7","","-2.0","","26","","","","6","","17","","48.3","","101.77","","","","","","NA"
"-71.39","46.79","QUEBEC INTL A","7016293","2025-05-05 16:00","2025","05","05","16:00","","18.1","","-1.0","","27","","","","9","","21","","48.3","","101.75","","","","","","Mostly Cloudy"
"-71.39","46.79","QUEBEC INTL A","7016293","2025-05-05 17:00","2025","05","05","17:00","","16.5","","-2.1","","28","","","","8","","21","","48.3","","101.73","","","","","","NA"
"-71.39","46.79","QUEBEC INTL A","7016293","2025-05-05 18:00","2025","05","05","18:00","","14.7","","-2.1","","31","","","","8","","23","","48.3","","101.72","","","","","","NA"
"-71.39","46.79","QUEBEC INTL A","7016293","2025-05-05 19:00","2025","05","05","19:00","","12.5","","-2.3","","36","","","","8","","16","","48.3","","101.78","","","","","","Mostly Cloudy"
"-71.39","46.79","QUEBEC INTL A","7016293","2025-05-05 20:00","2025","05","05","20:00","","10.7","","-0.7","","45","","","","7","","15","","24.1","","101.82","","","","","","NA"
"-71.39","46.79","QUEBEC INTL A","7016293","2025-05-05 21:00","2025","05","05","21:00","","10.6","","-1.9","","42","","","","7","","14","","24.1","","101.84","","","","","","NA"
"-71.39","46.79","QUEBEC INTL A","7016293","2025-05-05 22:00","2025","05","05","22:00","","8.9","","0.5","","56","","","","7","","10","","24.1","","101.85","","","","","","Mostly Cloudy"
"-71.39","46.79","QUEBEC INTL A","7016293","2025-05-05 23:00","2025","05","05","23:00","","8.4","","1.2","","60","","","","4","","11","","24.1","","101.82","","","","","","NA"
"-71.39","46.79","QUEBEC INTL A","7016293","2025-05-06 00:00","2025","05","06","00:00","","9.3","","0.1","","53","","","","5","","10","","24.1","","101.81","","","","","","NA"
"-71.39","46.79","QUEBEC INTL A","7016293","2025-05-06 01:00","2025","05","06","01:00","","9.8","","1.3","","55","","","","7","","13","","24.1","","101.76","","","","","","Mostly Cloudy"
"-71.39","46.79","QUEBEC INTL A","7016293","2025-05-06 02:00","2025","05","06","02:00","","10.1","","1.9","","56","","","","6","","9","","24.1","","101.74","","","","","","NA"
"-71.39","46.79","QUEBEC INTL A","7016293","2025-05-06 03:00","2025","05","06","03:00","","9.6","","2.6","","62","","","","7","","13","","24.1","","101.72","","","","","","NA"
"-71.39","46.79","QUEBEC INTL A","7016293","2025-05-06 04:00","2025","05","06","04:00","","8.8","","3.0","","67","","","","6","","17","","24.1","","101.66","","","","","","Mostly Cloudy"
"-71.39","46.79","QUEBEC INTL A","7016293","2025-05-06 05:00","2025","05","06","05:00","","9.3","","0.9","","56","","","","6","","17","","48.3","","101.66","","","","","","NA"
"-71.39","46.79","QUEBEC INTL A","7016293","2025-05-06 06:00","2025","05","06","06:00","","10.1","","3.4","","63","","","","7","","14","","48.3","","101.66","","","","","","NA"
"-71.39","46.79","QUEBEC INTL A","7016293","2025-05-06 07:00","2025","05","06","07:00","","11.4","","3.1","","57","","","","7","","20","","32.2","","101.64","","","","","","Rain Showers"
"-71.39","46.79","QUEBEC INTL A","7016293","2025-05-06 08:00","2025","05","06","08:00","","12.4","","3.9","","56","","","","7","","16","","40.2","","101.57","","","","","","Rain Showers"
"-71.39","46.79","QUEBEC INTL A","7016293","2025-05-06 09:00","2025","05","06","09:00","","12.4","","7.8","","73","","","","6","","17","","24.1","","101.48","","","","","","Rain Showers"
"-71.39","46.79","QUEBEC INTL A","7016293","2025-05-06 10:00","2025","05","06","10:00","","14.0","","10.2","","78","","","","6","","15","","48.3","","101.36","","","","","","Cloudy"
"-71.39","46.79","QUEBEC INTL A","7016293","2025-05-06 11:00","2025","05","06","11:00","","15.6","","10.0","","69","","","","7","","21","","48.3","","101.27","","","","","","NA"
"-71.39","46.79","QUEBEC INTL A","7016293","2025-05-06 12:00","2025","05","06","12:00","","15.9","","10.5","","70","","","","7","","18","","32.2","","101.18","","","","","","Rain Showers"
"-71.39","46.79","QUEBEC INTL A","7016293","2025-05-06 13:00","2025","05","06","13:00","","16.4","","11.3","","72","","","","6","","18","","40.2","","101.12","","","","","","Mostly Cloudy"
"-71.39","46.79","QUEBEC INTL A","7016293","2025-05-06 14:00","2025","05","06","14:00","","17.3","","12.2","","72","","","","7","","17","","48.3","","101.03","","","","","","Rain Showers"
"-71.39","46.79","QUEBEC INTL A","7016293","2025-05-06 15:00","2025","05","06","15:00","","19.4","","12.6","","65","","","","7","","14","","48.3","","100.91","","","","","","NA"
"-71.39","46.79","QUEBEC INTL A","7016293","2025-05-06 16:00","2025","05","06","16:00","","19.6","","12.5","","63","","","","4","","6","","48.3","","100.85","","","","","","Mostly Cloudy"
"-71.39","46.79","QUEBEC INTL A","7016293","2025-05-06 17:00","2025","05","06","17:00","","19.4","","13.9","","70","","","","","","0","","48.3","","100.75","","","","","","NA"
"-71.39","46.79","QUEBEC INTL A","7016293","2025-05-06 18:00","2025","05","06","18:00","","19.1","","12.7","","66","","","","","","0","","48.3","","100.73","","","","","","NA"
"-71.39","46.79","QUEBEC INTL A","7016293","2025-05-06 19:00","2025","05","06","19:00","","17.9","","12.5","","70","","","","12","","16","","48.3","","100.71","","","","","","Mostly Cloudy"
"-71.39","46.79","QUEBEC INTL A","7016293","2025-05-06 20:00","2025","05","06","20:00","","17.0","","12.2","","73","","","","11","","16","","24.1","","100.71","","","","","","NA"
"-71.39","46.79","QUEBEC INTL A","7016293","2025-05-06 21:00","2025","05","06","21:00","","16.6","","12.0","","74","","","","11","","18","","24.1","","100.69","","","","","","NA"
"-71.39","46.79","QUEBEC INTL A","7016293","2025-05-06 22:00","2025","05","06","22:00","","16.1","","12.0","","76","","","","10","","13","","24.1","","100.61","","","","","","Mostly Cloudy"
"-71.39","46.79","QUEBEC INTL A","7016293","2025-05-06 23:00","2025","05","06","23:00","","15.2","","12.0","","81","","","","8","","13","","24.1","","100.57","","","","","","NA"
"-71.39","46.79","QUEBEC INTL A","7016293","2025-05-07 00:00","2025","05","07","00:00","","14.7","","12.5","","86","","","","6","","8","","16.1","","100.54","","","","","","Rain Showers"
"-71.39","46.79","QUEBEC INTL A","7016293","2025-05-07 01:00","2025","05","07","01:00","","13.0","","12.5","","96","","","","6","","9","","24.1","","100.46","","","","","","Mostly Cloudy"
"-71.39","46.79","QUEBEC INTL A","7016293","2025-05-07 02:00","2025","05","07","02:00","","13.2","","12.6","","96","","","","6","","9","","24.1","","100.42","","","","","","NA"
"-71.39","46.79","QUEBEC INTL A","7016293","2025-05-07 03:00","2025","05","07","03:00","","13.2","","12.7","","96","","","","5","","10","","24.1","","100.36","","","","","","NA"
"-71.39","46.79","QUEBEC INTL A","7016293","2025-05-07 04:00","2025","05","07","04:00","","13.3","","12.6","","95","","","","3","","9","","32.2","","100.35","","","","","","Mostly Cloudy"
"-71.39","46.79","QUEBEC INTL A","7016293","2025-05-07 05:00","2025","05","07","05:00","","13.1","","12.2","","94","","","","3","","5","","40.2","","100.38","","","","","","NA"
"-71.39","46.79","QUEBEC INTL A","7016293","2025-05-07 06:00","2025","05","07","06:00","","13.7","","12.8","","94","","","","8","","9","","48.3","","100.36","","","","","","NA"
"-71.39","46.79","QUEBEC INTL A","7016293","2025-05-07 07:00","2025","05","07","07:00","","15.1","","13.2","","88","","","","6","","6","","48.3","","100.35","","","","","","Cloudy"
"-71.39","46.79","QUEBEC INTL A","7016293","2025-05-07 08:00","2025","05","07","08:00","","16.9","","13.4","","80","","","","6","","7","","48.3","","100.33","","","","","","NA"
"-71.39","46.79","QUEBEC INTL A","7016293","2025-05-07 09:00","2025","05","07","09:00","","19.1","","13.8","","71","","","","8","","8","","48.3","","100.28","","","","","","NA"
"-71.39","46.79","QUEBEC INTL A","7016293","2025-05-07 10:00","2025","05","07","10:00","","19.2","","12.8","","66","","","","27","","10","","48.3","","100.25","","","","","","Mostly Cloudy"
"-71.39","46.79","QUEBEC INTL A","7016293","2025-05-07 11:00","2025","05","07","11:00","","18.4","","13.1","","71","","","","33","","5","","48.3","","100.21","","","","","","NA"
"-71.39","46.79","QUEBEC INTL A","7016293","2025-05-07 12:00","2025","05","07","12:00","","19.8","","12.6","","63","","","","2","","10","","48.3","","100.17","","","","","","NA"
"-71.39","46.79","QUEBEC INTL A","7016293","2025-05-07 13:00","2025","05","07","13:00","","20.4","","12.6","","61","","","","27","","11","","48.3","","100.13","","","","","","Mostly Cloudy"
"-71.39","46.79","QUEBEC INTL A","7016293","2025-05-07 14:00","2025","05","07","14:00","","21.1","","11.6","","54","","","","25","","12","","48.3","","100.08","","","","","","NA"
"-71.39","46.79","QUEBEC INTL A","7016293","2025-05-07 15:00","2025","05","07","15:00","","20.0","","12.0","","59","","","","25","","13","","40.2","","100.06","","","","","","NA"
"-71.39","46.79","QUEBEC INTL A","7016293","2025-05-07 16:00","2025","05","07","16:00","","16.3","","13.6","","84","","","","17","","17","","40.2","","100.10","","","","","","Rain Showers"
"-71.39","46.79","QUEBEC INTL A","7016293","2025-05-07 17:00","2025","05","07","17:00","","15.0","","13.7","","92","","","","20","","9","","32.2","","100.09","","","","","","Rain Showers"
"-71.39","46.79","QUEBEC INTL A","7016293","2025-05-07 18:00","2025","05","07","18:00","","14.8","","13.6","","92","","","","1","","8","","16.1","","100.16","","","","","","Moderate Rain Showers"
"-71.39","46.79","QUEBEC INTL A","7016293","2025-05-07 19:00","2025","05","07","19:00","","14.1","","13.5","","96","","","","1","","12","","24.1","","100.17","","","","","","Rain Showers"
"-71.39","46.79","QUEBEC INTL A","7016293","2025-05-07 20:00","2025","05","07","20:00","","12.4","","11.1","","92","","","","30","","7","","24.1","","100.27","","","","","","NA"
"-71.39","46.79","QUEBEC INTL A","7016293","2025-05-07 21:00","2025","05","07","21:00","","11.1","","8.4","","84","","","","36","","7","","24.1","","100.31","","","","","","NA"
"-71.39","46.79","QUEBEC INTL A","7016293","2025-05-07 22:00","2025","05","07","22:00","","10.4","","7.3","","81","","","","35","","12","","24.1","","100.34","","","","","","Cloudy"
"-71.39","46.79","QUEBEC INTL A","7016293","2025-05-07 23:00","2025","05","07","23:00","","10.3","","6.6","","78","","","","1","","12","","16.1","","100.40","","","","","","Rain Showers"
"-71.39","46.79","QUEBEC INTL A","7016293","2025-05-08 00:00","2025","05","08","00:00","","9.6","","6.1","","79","","","","36","","14","","16.1","","100.48","","","","","","Rain Showers"
"-71.39","46.79","QUEBEC INTL A","7016293","2025-05-08 01:00","2025","05","08","01:00","","8.1","","7.5","","96","","","","2","","7","","9.7","","100.54","","","","","","Rain Showers,Fog"
"-71.39","46.79","QUEBEC INTL A","7016293","2025-05-08 02:00","2025","05","08","02:00","","8.1","","7.1","","94","","","","2","","8","","9.7","","100.59","","","","","","Rain Showers,Fog"
"-71.39","46.79","QUEBEC INTL A","7016293","2025-05-08 03:00","2025","05","08","03:00","","7.8","","7.1","","96","","","","3","","8","","16.1","","100.62","","","","","","NA"
"-71.39","46.79","QUEBEC INTL A","7016293","2025-05-08 04:00","2025","05","08","04:00","","7.5","","6.8","","95","","","","2","","6","","4.8","","100.71","","","","","","Rain Showers,Fog"
"-71.39","46.79","QUEBEC INTL A","7016293","2025-05-08 05:00","2025","05","08","05:00","","7.0","","7.0","","100","","","","3","","5","","2.4","","100.79","","","","","","Rain Showers,Fog"
"-71.39","46.79","QUEBEC INTL A","7016293","2025-05-08 06:00","2025","05","08","06:00","","7.1","","6.8","","98","","","","2","","12","","3.2","","100.89","","","","","","Rain,Fog"
"-71.39","46.79","QUEBEC INTL A","7016293","2025-05-08 07:00","2025","05","08","07:00","","6.7","","6.7","","100","","","","35","","7","","2.0","","100.97","","","","","","Rain,Fog"
"-71.39","46.79","QUEBEC INTL A","7016293","2025-05-08 08:00","2025","05","08","08:00","","6.8","","6.8","","100","","","","36","","9","","3.2","","101.05","","","","","","Rain,Fog"
"-71.39","46.79","QUEBEC INTL A","7016293","2025-05-08 09:00","2025","05","08","09:00","","7.5","","7.3","","99","","","","6","","17","","4.0","","101.10","","","","","","Rain,Fog"
"-71.39","46.79","QUEBEC INTL A","7016293","2025-05-08 10:00","2025","05","08","10:00","","7.7","","6.8","","94","","","","8","","18","","24.1","","101.14","","","","","","Rain"
"-71.39","46.79","QUEBEC INTL A","7016293","2025-05-08 11:00","2025","05","08","11:00","","7.8","","5.9","","88","","","","7","","21","","48.3","","101.19","","","","","","NA"
"-71.39","46.79","QUEBEC INTL A","7016293","2025-05-08 12:00","2025","05","08","12:00","","8.5","","6.0","","84","","","","8","","23","","48.3","","101.23","","","","","","NA"
"-71.39","46.79","QUEBEC INTL A","7016293","2025-05-08 13:00","2025","05","08","13:00","","8.1","","5.2","","82","","","","8","","22","","40.2","","101.30","","","","","","Rain"
"-71.39","46.79","QUEBEC INTL A","7016293","2025-05-08 14:00","2025","05","08","14:00","","7.4","","4.4","","81","","","","8","","28","","40.2","","101.37","","","","","","Rain"
"-71.39","46.79","QUEBEC INTL A","7016293","2025-05-08 15:00","2025","05","08","15:00","","6.8","","3.8","","81","","","","8","","31","","40.2","","101.39","","","","","","Rain"
"-71.39","46.79","QUEBEC INTL A","7016293","2025-05-08 16:00","2025","05","08","16:00","","6.6","","3.7","","81","","","","6","","32","","40.2","","101.43","","","","","","Cloudy"
"-71.39","46.79","QUEBEC INTL A","7016293","2025-05-08 17:00","2025","05","08","17:00","","6.3","","3.2","","80","","","","6","","29","","48.3","","101.49","","","","","","NA"
"-71.39","46.79","QUEBEC INTL A","7016293","2025-05-08 18:00","2025","05","08","18:00","","6.2","","3.1","","81","","","","6","","32","","48.3","","101.51","","","","","","NA"
"-71.39","46.79","QUEBEC INTL A","7016293","2025-05-08 19:00","2025","05","08","19:00","","6.1","","2.2","","76","","","","6","","30","","48.3","","101.56","","","","","","Mostly Cloudy"
"-71.39","46.79","QUEBEC INTL A","7016293","2025-05-08 20:00","2025","05","08","20:00","","5.8","","2.1","","77","","","","6","","23","","24.1","","101.57","","","","","","NA"
"-71.39","46.79","QUEBEC INTL A","7016293","2025-05-08 21:00","2025","05","08","21:00","","6.0","","2.0","","76","","","","7","","32","","24.1","","101.61","","","","","","NA"
"-71.39","46.79","QUEBEC INTL A","7016293","2025-05-08 22:00","2025","05","08","22:00","","5.9","","2.2","","77","","","","7","","34","","24.1","","101.59","","","","","","Cloudy"
"-71.39","46.79","QUEBEC INTL A","7016293","2025-05-08 23:00","2025","05","08","23:00","","5.8","","1.7","","75","","","","7","","37","","24.1","","101.59","","","","","","NA"
"-71.39","46.79","QUEBEC INTL A","7016293","2025-05-09 00:00","2025","05","09","00:00","","5.7","","1.0","","72","","","","7","","30","","24.1","","101.59","","","","","","NA"
"-71.39","46.79","QUEBEC INTL A","7016293","2025-05-09 01:00","2025","05","09","01:00","","5.6","","0.2","","68","","","","7","","33","","24.1","","101.53","","","","","","Cloudy"
"-71.39","46.79","QUEBEC INTL A","7016293","2025-05-09 02:00","2025","05","09","02:00","","5.0","","0.7","","74","","","","7","","34","","24.1","","101.51","","","","","","NA"
"-71.39","46.79","QUEBEC INTL A","7016293","2025-05-09 03:00","2025","05","09","03:00","","5.0","","0.6","","73","","","","7","","32","","24.1","","101.52","","","","","","NA"
"-71.39","46.79","QUEBEC INTL A","7016293","2025-05-09 04:00","2025","05","09","04:00","","4.2","","1.8","","84","","","","7","","32","","24.1","","101.54","","","","","","Cloudy"
"-71.39","46.79","QUEBEC INTL A","7016293","2025-05-09 05:00","2025","05","09","05:00","","3.8","","3.0","","95","","","","6","","24","","12.9","","101.55","","","","","","Rain Showers"
"-71.39","46.79","QUEBEC INTL A","7016293","2025-05-09 06:00","2025","05","09","06:00","","3.7","","3.1","","96","","","","7","","32","","12.9","","101.55","","","","","","Rain"
"-71.39","46.79","QUEBEC INTL A","7016293","2025-05-09 07:00","2025","05","09","07:00","","4.1","","3.3","","95","","","","7","","32","","12.9","","101.59","","","","","","Rain"
"-71.39","46.79","QUEBEC INTL A","7016293","2025-05-09 08:00","2025","05","09","08:00","","4.2","","3.6","","95","","","","6","","39","","12.9","","101.52","","","","","","Rain"
"-71.39","46.79","QUEBEC INTL A","7016293","2025-05-09 09:00","2025","05","09","09:00","","4.9","","4.0","","94","","","","8","","32","","16.1","","101.53","","","","","","Rain"
"-71.39","46.79","QUEBEC INTL A","7016293","2025-05-09 10:00","2025","05","09","10:00","","5.0","","4.0","","93","","","","7","","34","","16.1","","101.55","","","","","","Rain"
"-71.39","46.79","QUEBEC INTL A","7016293","2025-05-09 11:00","2025","05","09","11:00","","5.1","","4.0","","93","","","","7","","36","","16.1","","101.48","","","","","","Rain"
"-71.39","46.79","QUEBEC INTL A","7016293","2025-05-09 12:00","2025","05","09","12:00","","5.3","","4.2","","92","","","","7","","23","","32.2","","101.42","","","","","","Rain"
"-71.39","46.79","QUEBEC INTL A","7016293","2025-05-09 13:00","2025","05","09","13:00","","6.2","","4.5","","89","","","","7","","21","","32.2","","101.35","","","","","","Cloudy"
"-71.39","46.79","QUEBEC INTL A","7016293","2025-05-09 14:00","2025","05","09","14:00","","6.3","","4.5","","88","","","","6","","27","","32.2","","101.30","","","","","","Rain"
"-71.39","46.79","QUEBEC INTL A","7016293","2025-05-09 15:00","2025","05","09","15:00","","6.7","","5.2","","91","","","","6","","25","","24.1","","101.20","","","","","","Rain"
"-71.39","46.79","QUEBEC INTL A","7016293","2025-05-09 16:00","2025","05","09","16:00","","6.7","","5.4","","91","","","","7","","22","","32.2","","101.13","","","","","","Rain"
"-71.39","46.79","QUEBEC INTL A","7016293","2025-05-09 17:00","2025","05","09","17:00","","6.5","","5.6","","94","","","","7","","17","","32.2","","101.12","","","","","","Rain"
"-71.39","46.79","QUEBEC INTL A","7016293","2025-05-09 18:00","2025","05","09","18:00","","6.2","","4.9","","91","","","","7","","21","","24.1","","101.08","","","","","","Rain"
"-71.39","46.79","QUEBEC INTL A","7016293","2025-05-09 19:00","2025","05","09","19:00","","6.3","","4.8","","90","","","","7","","21","","24.1","","101.03","","","","","","Cloudy"
"-71.39","46.79","QUEBEC INTL A","7016293","2025-05-09 20:00","2025","05","09","20:00","","6.4","","4.0","","84","","","","7","","21","","24.1","","101.02","","","","","","NA"
"-71.39","46.79","QUEBEC INTL A","7016293","2025-05-09 21:00","2025","05","09","21:00","","6.9","","3.4","","78","","","","6","","30","","24.1","","100.98","","","","","","Rain"
"-71.39","46.79","QUEBEC INTL A","7016293","2025-05-09 22:00","2025","05","09","22:00","","6.8","","2.8","","76","","","","7","","25","","24.1","","100.93","","","","","","Cloudy"
"-71.39","46.79","QUEBEC INTL A","7016293","2025-05-09 23:00","2025","05","09","23:00","","6.2","","3.9","","85","","","","7","","23","","12.9","","100.88","","","","","","Rain"
"-71.39","46.79","QUEBEC INTL A","7016293","2025-05-10 00:00","2025","05","10","00:00","","5.9","","4.7","","92","","","","8","","15","","12.9","","100.88","","","","","","Rain"
"-71.39","46.79","QUEBEC INTL A","7016293","2025-05-10 01:00","2025","05","10","01:00","","5.7","","5.0","","96","","","","7","","19","","12.9","","100.78","","","","","","Rain"
"-71.39","46.79","QUEBEC INTL A","7016293","2025-05-10 02:00","2025","05","10","02:00","","5.7","","5.4","","98","","","","7","","18","","12.9","","100.71","","","","","","Rain"
"-71.39","46.79","QUEBEC INTL A","7016293","2025-05-10 03:00","2025","05","10","03:00","","5.7","","5.5","","99","","","","7","","13","","12.9","","100.67","","","","","","Drizzle"
"-71.39","46.79","QUEBEC INTL A","7016293","2025-05-10 04:00","2025","05","10","04:00","","5.4","","5.4","","100","","","","6","","15","","11.3","","100.60","","","","","","Rain"
"-71.39","46.79","QUEBEC INTL A","7016293","2025-05-10 05:00","2025","05","10","05:00","","5.5","","5.5","","100","","","","7","","18","","16.1","","100.57","","","","","","Drizzle"
"-71.39","46.79","QUEBEC INTL A","7016293","2025-05-10 06:00","2025","05","10","06:00","","5.6","","5.6","","100","","","","7","","18","","16.1","","100.54","","","","","","Drizzle"
"-71.39","46.79","QUEBEC INTL A","7016293","2025-05-10 07:00","2025","05","10","07:00","","5.7","","5.7","","100","","","","7","","17","","16.1","","100.47","","","","","","Cloudy"
"-71.39","46.79","QUEBEC INTL A","7016293","2025-05-10 08:00","2025","05","10","08:00","","6.1","","6.0","","100","","","","7","","14","","24.1","","100.42","","","","","","NA"
"-71.39","46.79","QUEBEC INTL A","7016293","2025-05-10 09:00","2025","05","10","09:00","","7.0","","6.5","","97","","","","7","","17","","24.1","","100.40","","","","","","NA"
"-71.39","46.79","QUEBEC INTL A","7016293","2025-05-10 10:00","2025","05","10","10:00","","7.8","","6.8","","93","","","","8","","14","","24.1","","100.39","","","","","","Cloudy"
"-71.39","46.79","QUEBEC INTL A","7016293","2025-05-10 11:00","2025","05","10","11:00","","8.0","","6.8","","93","","","","9","","13","","16.1","","100.38","","","","","","Drizzle"
"-71.39","46.79","QUEBEC INTL A","7016293","2025-05-10 12:00","2025","05","10","12:00","","8.3","","7.4","","94","","","","8","","13","","16.1","","100.33","","","","","","Drizzle"
"-71.39","46.79","QUEBEC INTL A","7016293","2025-05-10 13:00","2025","05","10","13:00","","8.1","","6.8","","92","","","","8","","10","","24.1","","100.31","","","","","","Cloudy"
"-71.39","46.79","QUEBEC INTL A","7016293","2025-05-10 14:00","2025","05","10","14:00","","7.5","","6.4","","92","","","","8","","9","","24.1","","100.31","","","","","","NA"
"-71.39","46.79","QUEBEC INTL A","7016293","2025-05-10 15:00","2025","05","10","15:00","","7.4","","6.8","","96","","","","12","","5","","8.1","","100.29","","","","","","Drizzle,Fog"
"-71.39","46.79","QUEBEC INTL A","7016293","2025-05-10 16:00","2025","05","10","16:00","","8.0","","7.3","","96","","","","10","","5","","24.1","","100.27","","","","","","Cloudy"
"-71.39","46.79","QUEBEC INTL A","7016293","2025-05-10 17:00","2025","05","10","17:00","","8.9","","7.5","","91","","","","17","","5","","24.1","","100.30","","","","","","NA"
"-71.39","46.79","QUEBEC INTL A","7016293","2025-05-10 18:00","2025","05","10","18:00","","8.7","","7.2","","91","","","","8","","8","","24.1","","100.34","","","","","","NA"
"-71.39","46.79","QUEBEC INTL A","7016293","2025-05-10 19:00","2025","05","10","19:00","","8.0","","7.4","","97","","","","4","","5","","9.7","","100.41","","","","","","Fog"
"-71.39","46.79","QUEBEC INTL A","7016293","2025-05-10 20:00","2025","05","10","20:00","","7.2","","7.0","","99","","","","6","","5","","9.7","","100.47","","","","","","Fog"
"-71.39","46.79","QUEBEC INTL A","7016293","2025-05-10 21:00","2025","05","10","21:00","","6.1","","6.1","","100","","","","","","0","","12.9","","100.51","","","","","","NA"
"-71.39","46.79","QUEBEC INTL A","7016293","2025-05-10 22:00","2025","05","10","22:00","","7.4","","7.4","","100","","","","32","","4","","12.9","","100.57","","","","","","Mostly Cloudy"
"-71.39","46.79","QUEBEC INTL A","7016293","2025-05-10 23:00","2025","05","10","23:00","","8.1","","2.6","","68","","","","34","","15","","24.1","","100.66","","","","","","NA"
"-71.39","46.79","QUEBEC INTL A","7016293","2025-05-11 00:00","2025","05","11","00:00","","6.3","","0.1","","65","","","","32","","10","","24.1","","100.75","","","","","","NA"
"-71.39","46.79","QUEBEC INTL A","7016293","2025-05-11 01:00","2025","05","11","01:00","","4.9","","-1.2","","65","","","","35","","13","","24.1","","100.82","","","","","","Mainly Clear"
"-71.39","46.79","QUEBEC INTL A","7016293","2025-05-11 02:00","2025","05","11","02:00","","3.5","","-2.0","","67","","","","31","","12","","24.1","","100.89","","","","","","NA"
"-71.39","46.79","QUEBEC INTL A","7016293","2025-05-11 03:00","2025","05","11","03:00","","2.9","","-3.6","","62","","","","30","","9","","24.1","","100.98","","","","","","NA"
"-71.39","46.79","QUEBEC INTL A","7016293","2025-05-11 04:00","2025","05","11","04:00","","2.3","","-4.2","","62","","","","29","","10","","32.2","","101.08","","","","","","Clear"
"-71.39","46.79","QUEBEC INTL A","7016293","2025-05-11 05:00","2025","05","11","05:00","","2.5","","-4.0","","62","","","","31","","8","","40.2","","101.16","","","","","","NA"
"-71.39","46.79","QUEBEC INTL A","7016293","2025-05-11 06:00","2025","05","11","06:00","","3.8","","-4.4","","55","","","","30","","12","","48.3","","101.21","","","","","","NA"
"-71.39","46.79","QUEBEC INTL A","7016293","2025-05-11 07:00","2025","05","11","07:00","","4.9","","-4.7","","50","","","","31","","11","","48.3","","101.29","","","","","","Clear"
"-71.39","46.79","QUEBEC INTL A","7016293","2025-05-11 08:00","2025","05","11","08:00","","5.9","","-6.2","","41","","","","29","","16","","48.3","","101.35","","","","","","NA"
"-71.39","46.79","QUEBEC INTL A","7016293","2025-05-11 09:00","2025","05","11","09:00","","7.2","","-6.8","","36","","","","32","","9","","48.3","","101.40","","","","","","NA"
"-71.39","46.79","QUEBEC INTL A","7016293","2025-05-11 10:00","2025","05","11","10:00","","8.6","","-7.6","","31","","","","31","","16","","48.3","","101.41","","","","","","Clear"
"-71.39","46.79","QUEBEC INTL A","7016293","2025-05-11 11:00","2025","05","11","11:00","","9.8","","-6.1","","32","","","","31","","14","","48.3","","101.42","","","","","","NA"
"-71.39","46.79","QUEBEC INTL A","7016293","2025-05-11 12:00","2025","05","11","12:00","","11.6","","-5.7","","29","","","","33","","13","","48.3","","101.40","","","","","","NA"
"-71.39","46.79","QUEBEC INTL A","7016293","2025-05-11 13:00","2025","05","11","13:00","","12.6","","-7.7","","24","","","","30","","17","","48.3","","101.40","","","","","","Clear"
"-71.39","46.79","QUEBEC INTL A","7016293","2025-05-11 14:00","2025","05","11","14:00","","13.9","","-6.9","","23","","","","32","","9","","48.3","","101.36","","","","","","NA"
"-71.39","46.79","QUEBEC INTL A","7016293","2025-05-11 15:00","2025","05","11","15:00","","14.6","","-8.5","","19","","","","30","","12","","48.3","","101.32","","","","","","NA"
"-71.39","46.79","QUEBEC INTL A","7016293","2025-05-11 16:00","2025","05","11","16:00","","15.2","","-8.1","","19","","","","34","","15","","48.3","","101.35","","","","","","Clear"
"-71.39","46.79","QUEBEC INTL A","7016293","2025-05-11 17:00","2025","05","11","17:00","","15.0","","-8.3","","19","","","","33","","18","","48.3","","101.38","","","","","","NA"
"-71.39","46.79","QUEBEC INTL A","7016293","2025-05-11 18:00","2025","05","11","18:00","","14.4","","-7.5","","21","","","","31","","9","","48.3","","101.42","","","","","","NA"
"-71.39","46.79","QUEBEC INTL A","7016293","2025-05-11 19:00","2025","05","11","19:00","","12.2","","-7.3","","25","","","","31","","3","","48.3","","101.49","","","","","","Mainly Clear"
"-71.39","46.79","QUEBEC INTL A","7016293","2025-05-11 20:00","2025","05","11","20:00","","8.6","","-5.6","","36","","","","34","","4","","24.1","","101.53","","","","","","NA"
"-71.39","46.79","QUEBEC INTL A","7016293","2025-05-11 21:00","2025","05","11","21:00","","6.1","","-4.3","","47","","","","30","","6","","24.1","","101.57","","","","","","NA"
"-71.39","46.79","QUEBEC INTL A","7016293","2025-05-11 22:00","2025","05","11","22:00","","4.8","","-3.0","","57","","","","33","","8","","24.1","","101.64","","","","","","Mostly Cloudy"
"-71.39","46.79","QUEBEC INTL A","7016293","2025-05-11 23:00","2025","05","11","23:00","","3.7","","-1.2","","71","","","","","","0","","24.1","","101.64","","","","","","NA"
"-71.39","46.79","QUEBEC INTL A","7016293","2025-05-12 00:00","2025","05","12","00:00","","5.7","","-2.2","","57","","","","4","","7","","24.1","","101.66","","","","","","NA"
"-71.39","46.79","QUEBEC INTL A","7016293","2025-05-12 01:00","2025","05","12","01:00","","6.4","","-2.7","","52","","","","6","","6","","24.1","","101.65","","","","","","Cloudy"
"-71.39","46.79","QUEBEC INTL A","7016293","2025-05-12 02:00","2025","05","12","02:00","","5.6","","-3.7","","51","","","","26","","3","","24.1","","101.58","","","","","","NA"
"-71.39","46.79","QUEBEC INTL A","7016293","2025-05-12 03:00","2025","05","12","03:00","","5.2","","-1.4","","63","","","","28","","3","","24.1","","101.56","","","","","","NA"
"-71.39","46.79","QUEBEC INTL A","7016293","2025-05-12 04:00","2025","05","12","04:00","","4.9","","0.3","","72","","","","26","","4","","32.2","","101.56","","","","","","Cloudy"
"-71.39","46.79","QUEBEC INTL A","7016293","2025-05-12 05:00","2025","05","12","05:00","","5.3","","-0.2","","67","","","","33","","4","","48.3","","101.50","","","","","","NA"
"-71.39","46.79","QUEBEC INTL A","7016293","2025-05-12 06:00","2025","05","12","06:00","","6.3","","0.8","","67","","","","13","","4","","48.3","","101.38","","","","","","NA"
"-71.39","46.79","QUEBEC INTL A","7016293","2025-05-12 07:00","2025","05","12","07:00","","7.2","","0.4","","62","","","","30","","4","","48.3","","101.35","","","","","","Mostly Cloudy"
"-71.39","46.79","QUEBEC INTL A","7016293","2025-05-12 08:00","2025","05","12","08:00","","10.5","","1.7","","55","","","","21","","12","","48.3","","101.23","","","","","","NA"
"-71.39","46.79","QUEBEC INTL A","7016293","2025-05-12 09:00","2025","05","12","09:00","","11.6","","2.1","","52","","","","25","","22","","48.3","","101.13","","","","","","NA"
"-71.39","46.79","QUEBEC INTL A","7016293","2025-05-12 10:00","2025","05","12","10:00","","13.7","","1.4","","43","","","","23","","31","","48.3","","101.01","","","","","","Cloudy"
"-71.39","46.79","QUEBEC INTL A","7016293","2025-05-12 11:00","2025","05","12","11:00","","15.1","","0.5","","37","","","","24","","27","","48.3","","100.97","","","","","","NA"
"-71.39","46.79","QUEBEC INTL A","7016293","2025-05-12 12:00","2025","05","12","12:00","","15.4","","0.7","","37","","","","23","","27","","48.3","","100.92","","","","","","NA"
"-71.39","46.79","QUEBEC INTL A","7016293","2025-05-12 13:00","2025","05","12","13:00","","15.2","","2.0","","41","","","","25","","23","","48.3","","100.90","","","","","","Cloudy"
"-71.39","46.79","QUEBEC INTL A","7016293","2025-05-12 14:00","2025","05","12","14:00","","16.3","","3.0","","40","","","","26","","19","","48.3","","100.88","","","","","","NA"
"-71.39","46.79","QUEBEC INTL A","7016293","2025-05-12 15:00","2025","05","12","15:00","","18.4","","2.9","","35","","","","24","","20","","48.3","","100.84","","","","","","NA"
"-71.39","46.79","QUEBEC INTL A","7016293","2025-05-12 16:00","2025","05","12","16:00","","18.3","","2.4","","34","","","","23","","27","","48.3","","100.78","","","","","","Mostly Cloudy"
"-71.39","46.79","QUEBEC INTL A","7016293","2025-05-12 17:00","2025","05","12","17:00","","18.2","","2.8","","35","","","","23","","26","","48.3","","100.80","","","","","","NA"
"-71.39","46.79","QUEBEC INTL A","7016293","2025-05-12 18:00","2025","05","12","18:00","","17.8","","3.2","","37","","","","24","","14","","48.3","","100.84","","","","","","NA"
"-71.39","46.79","QUEBEC INTL A","7016293","2025-05-12 19:00","2025","05","12","19:00","","15.4","","3.7","","45","","","","27","","12","","48.3","","100.91","","","","","","Mainly Clear"
"-71.39","46.79","QUEBEC INTL A","7016293","2025-05-12 20:00","2025","05","12","20:00","","13.5","","2.5","","47","","","","35","","4","","24.1","","101.03","","","","","","NA"
"-71.39","46.79","QUEBEC INTL A","7016293","2025-05-12 21:00","2025","05","12","21:00","","11.6","","1.1","","49","","","","2","","9","","24.1","","101.16","","","","","","NA"
"-71.39","46.79","QUEBEC INTL A","7016293","2025-05-12 22:00","2025","05","12","22:00","","12.9","","0.3","","42","","","","34","","7","","24.1","","101.24","","","","","","Mainly Clear"
"-71.39","46.79","QUEBEC INTL A","7016293","2025-05-12 23:00","2025","05","12","23:00","","11.4","","1.2","","49","","","","36","","9","","24.1","","101.30","","","","","","NA"
"-71.39","46.79","QUEBEC INTL A","7016293","2025-05-13 00:00","2025","05","13","00:00","","9.1","","1.0","","57","","","","5","","8","","24.1","","101.37","","","","","","NA"
"-71.39","46.79","QUEBEC INTL A","7016293","2025-05-13 01:00","2025","05","13","01:00","","9.0","","1.2","","58","","","","36","","10","","24.1","","101.42","","","","","","Mainly Clear"
"-71.39","46.79","QUEBEC INTL A","7016293","2025-05-13 02:00","2025","05","13","02:00","","8.1","","0.7","","60","","","","3","","11","","24.1","","101.47","","","","","","NA"
"-71.39","46.79","QUEBEC INTL A","7016293","2025-05-13 03:00","2025","05","13","03:00","","6.6","","-0.2","","62","","","","6","","11","","24.1","","101.54","","","","","","NA"
"-71.39","46.79","QUEBEC INTL A","7016293","2025-05-13 04:00","2025","05","13","04:00","","6.9","","0.4","","63","","","","4","","14","","48.3","","101.59","","","","","","Mainly Clear"
"-71.39","46.79","QUEBEC INTL A","7016293","2025-05-13 05:00","2025","05","13","05:00","","4.2","","2.0","","85","","","","35","","4","","48.3","","101.69","","","","","","NA"
"-71.39","46.79","QUEBEC INTL A","7016293","2025-05-13 06:00","2025","05","13","06:00","","8.5","","1.6","","62","","","","2","","7","","48.3","","101.75","","","","","","NA"
"-71.39","46.79","QUEBEC INTL A","7016293","2025-05-13 07:00","2025","05","13","07:00","","11.5","","2.6","","54","","","","7","","10","","48.3","","101.78","","","","","","Mainly Clear"
"-71.39","46.79","QUEBEC INTL A","7016293","2025-05-13 08:00","2025","05","13","08:00","","12.3","","0.9","","46","","","","6","","12","","48.3","","101.78","","","","","","NA"
"-71.39","46.79","QUEBEC INTL A","7016293","2025-05-13 09:00","2025","05","13","09:00","","12.2","","0.4","","44","","","","7","","17","","48.3","","101.75","","","","","","NA"
"-71.39","46.79","QUEBEC INTL A","7016293","2025-05-13 10:00","2025","05","13","10:00","","13.6","","-0.3","","38","","","","8","","18","","48.3","","101.70","","","","","","Mostly Cloudy"
"-71.39","46.79","QUEBEC INTL A","7016293","2025-05-13 11:00","2025","05","13","11:00","","14.5","","-0.5","","35","","","","10","","17","","48.3","","101.64","","","","","","NA"
"-71.39","46.79","QUEBEC INTL A","7016293","2025-05-13 12:00","2025","05","13","12:00","","14.8","","1.8","","41","","","","6","","14","","48.3","","101.57","","","","","","NA"
"-71.39","46.79","QUEBEC INTL A","7016293","2025-05-13 13:00","2025","05","13","13:00","","15.2","","1.4","","39","","","","6","","17","","48.3","","101.49","","","","","","Mostly Cloudy"
"-71.39","46.79","QUEBEC INTL A","7016293","2025-05-13 14:00","2025","05","13","14:00","","15.3","","1.7","","39","","","","6","","18","","48.3","","101.46","","","","","","NA"
"-71.39","46.79","QUEBEC INTL A","7016293","2025-05-13 15:00","2025","05","13","15:00","","15.7","","3.2","","43","","","","7","","18","","48.3","","101.34","","","","","","NA"
"-71.39","46.79","QUEBEC INTL A","7016293","2025-05-13 16:00","2025","05","13","16:00","","15.3","","3.0","","44","","","","8","","16","","48.3","","101.29","","","","","","Mostly Cloudy"
"-71.39","46.79","QUEBEC INTL A","7016293","2025-05-13 17:00","2025","05","13","17:00","","13.7","","2.3","","46","","","","7","","20","","48.3","","101.29","","","","","","NA"
"-71.39","46.79","QUEBEC INTL A","7016293","2025-05-13 18:00","2025","05","13","18:00","","12.9","","1.4","","45","","","","9","","13","","48.3","","101.24","","","","","","NA"
"-71.39","46.79","QUEBEC INTL A","7016293","2025-05-13 19:00","2025","05","13","19:00","","12.1","","0.9","","46","","","","7","","16","","48.3","","101.20","","","","","","Mostly Cloudy"
"-71.39","46.79","QUEBEC INTL A","7016293","2025-05-13 20:00","2025","05","13","20:00","","10.2","","1.4","","54","","","","6","","15","","24.1","","101.16","","","","","","NA"
"-71.39","46.79","QUEBEC INTL A","7016293","2025-05-13 21:00","2025","05","13","21:00","","10.1","","3.9","","65","","","","5","","13","","24.1","","101.15","","","","","","NA"
"-71.39","46.79","QUEBEC INTL A","7016293","2025-05-13 22:00","2025","05","13","22:00","","10.4","","3.4","","62","","","","3","","7","","24.1","","101.09","","","","","","Mostly Cloudy"
"-71.39","46.79","QUEBEC INTL A","7016293","2025-05-13 23:00","2025","05","13","23:00","","8.1","","3.0","","70","","","","9","","6","","24.1","","101.10","","","","","","NA"
"-71.39","46.79","QUEBEC INTL A","7016293","2025-05-14 00:00","2025","05","14","00:00","","7.7","","3.3","","73","","","","5","","9","","24.1","","101.09","","","","","","NA"
"-71.39","46.79","QUEBEC INTL A","7016293","2025-05-14 01:00","2025","05","14","01:00","","8.0","","3.6","","74","","","","5","","7","","24.1","","101.08","","","","","","Mainly Clear"
"-71.39","46.79","QUEBEC INTL A","7016293","2025-05-14 02:00","2025","05","14","02:00","","6.3","","3.5","","82","","","","4","","4","","24.1","","101.10","","","","","","NA"
"-71.39","46.79","QUEBEC INTL A","7016293","2025-05-14 03:00","2025","05","14","03:00","","5.8","","3.5","","85","","","","","","0","","24.1","","101.09","","","","","","NA"
"-71.39","46.79","QUEBEC INTL A","7016293","2025-05-14 04:00","2025","05","14","04:00","","6.7","","3.0","","78","","","","4","","7","","48.3","","101.09","","","","","","Mainly Clear"
"-71.39","46.79","QUEBEC INTL A","7016293","2025-05-14 05:00","2025","05","14","05:00","","7.2","","3.4","","77","","","","5","","6","","48.3","","101.12","","","","","","NA"
"-71.39","46.79","QUEBEC INTL A","7016293","2025-05-14 06:00","2025","05","14","06:00","","10.3","","3.9","","64","","","","8","","6","","48.3","","101.13","","","","","","NA"
"-71.39","46.79","QUEBEC INTL A","7016293","2025-05-14 07:00","2025","05","14","07:00","","14.0","","5.6","","57","","","","19","","5","","48.3","","101.13","","","","","","Mostly Cloudy"
"-71.39","46.79","QUEBEC INTL A","7016293","2025-05-14 08:00","2025","05","14","08:00","","18.1","","8.0","","51","","","","21","","16","","48.3","","101.11","","","","","","NA"
"-71.39","46.79","QUEBEC INTL A","7016293","2025-05-14 09:00","2025","05","14","09:00","","20.2","","9.1","","48","","","","24","","18","","48.3","","101.07","","","","","","NA"
"-71.39","46.79","QUEBEC INTL A","7016293","2025-05-14 10:00","2025","05","14","10:00","","21.8","","10.8","","49","","","","24","","23","","48.3","","101.03","","","","","","Mostly Cloudy"
"-71.39","46.79","QUEBEC INTL A","7016293","2025-05-14 11:00","2025","05","14","11:00","","23.5","","12.3","","49","","","","26","","19","","48.3","","100.98","","26","","","","NA"
"-71.39","46.79","QUEBEC INTL A","7016293","2025-05-14 12:00","2025","05","14","12:00","","24.8","","12.8","","47","","","","26","","18","","48.3","","100.90","","27","","","","NA"
"-71.39","46.79","QUEBEC INTL A","7016293","2025-05-14 13:00","2025","05","14","13:00","","26.1","","12.8","","43","","","","24","","20","","48.3","","100.82","","29","","","","Mainly Clear"
"-71.39","46.79","QUEBEC INTL A","7016293","2025-05-14 14:00","2025","05","14","14:00","","27.3","","13.1","","41","","","","23","","13","","48.3","","100.75","","30","","","","NA"
"-71.39","46.79","QUEBEC INTL A","7016293","2025-05-14 15:00","2025","05","14","15:00","","27.8","","13.4","","41","","","","24","","18","","48.3","","100.66","","31","","","","NA"
"-71.39","46.79","QUEBEC INTL A","7016293","2025-05-14 16:00","2025","05","14","16:00","","27.5","","12.7","","40","","","","25","","22","","48.3","","100.60","","30","","","","Mainly Clear"
"-71.39","46.79","QUEBEC INTL A","7016293","2025-05-14 17:00","2025","05","14","17:00","","26.8","","12.6","","41","","","","26","","21","","48.3","","100.56","","29","","","","NA"
"-71.39","46.79","QUEBEC INTL A","7016293","2025-05-14 18:00","2025","05","14","18:00","","25.7","","11.8","","41","","","","27","","20","","48.3","","100.54","","28","","","","NA"
"-71.39","46.79","QUEBEC INTL A","7016293","2025-05-14 19:00","2025","05","14","19:00","","21.9","","11.7","","52","","","","26","","13","","48.3","","100.54","","","","","","Mainly Clear"
"-71.39","46.79","QUEBEC INTL A","7016293","2025-05-14 20:00","2025","05","14","20:00","","20.6","","11.8","","56","","","","26","","8","","24.1","","100.58","","","","","","NA"
"-71.39","46.79","QUEBEC INTL A","7016293","2025-05-14 21:00","2025","05","14","21:00","","19.6","","11.5","","59","","","","25","","10","","24.1","","100.59","","","","","","NA"
"-71.39","46.79","QUEBEC INTL A","7016293","2025-05-14 22:00","2025","05","14","22:00","","18.6","","12.0","","65","","","","25","","11","","24.1","","100.61","","","","","","Mainly Clear"
"-71.39","46.79","QUEBEC INTL A","7016293","2025-05-14 23:00","2025","05","14","23:00","","16.9","","12.5","","75","","","","25","","12","","24.1","","100.62","","","","","","NA"
"-71.39","46.79","QUEBEC INTL A","7016293","2025-05-15 00:00","2025","05","15","00:00","","16.1","","12.1","","77","","","","24","","9","","24.1","","100.64","","","","","","NA"
"-71.39","46.79","QUEBEC INTL A","7016293","2025-05-15 01:00","2025","05","15","01:00","","16.2","","12.5","","78","","","","25","","9","","24.1","","100.66","","","","","","Mainly Clear"
"-71.39","46.79","QUEBEC INTL A","7016293","2025-05-15 02:00","2025","05","15","02:00","","14.4","","12.2","","86","","","","26","","4","","24.1","","100.62","","","","","","NA"
"-71.39","46.79","QUEBEC INTL A","7016293","2025-05-15 03:00","2025","05","15","03:00","","13.3","","12.1","","92","","","","27","","5","","24.1","","100.58","","","","","","NA"
"-71.39","46.79","QUEBEC INTL A","7016293","2025-05-15 04:00","2025","05","15","04:00","","11.7","","11.6","","100","","","","1","","3","","32.2","","100.57","","","","","","Mainly Clear"
"-71.39","46.79","QUEBEC INTL A","7016293","2025-05-15 05:00","2025","05","15","05:00","","13.0","","12.4","","96","","","","4","","5","","40.2","","100.54","","","","","","NA"
"-71.39","46.79","QUEBEC INTL A","7016293","2025-05-15 06:00","2025","05","15","06:00","","16.5","","12.9","","79","","","","6","","3","","40.2","","100.53","","","","","","NA"
"-71.39","46.79","QUEBEC INTL A","7016293","2025-05-15 07:00","2025","05","15","07:00","","18.6","","13.7","","73","","","","","","0","","40.2","","100.52","","","","","","Mostly Cloudy"
"-71.39","46.79","QUEBEC INTL A","7016293","2025-05-15 08:00","2025","05","15","08:00","","20.0","","14.0","","68","","","","20","","5","","48.3","","100.48","","","","","","NA"
"-71.39","46.79","QUEBEC INTL A","7016293","2025-05-15 09:00","2025","05","15","09:00","","21.2","","14.4","","65","","","","25","","10","","48.3","","100.43","","25","","","","NA"
"-71.39","46.79","QUEBEC INTL A","7016293","2025-05-15 10:00","2025","05","15","10:00","","22.1","","14.7","","62","","","","26","","14","","48.3","","100.39","","26","","","","Mostly Cloudy"
"-71.39","46.79","QUEBEC INTL A","7016293","2025-05-15 11:00","2025","05","15","11:00","","23.3","","14.4","","57","","","","27","","12","","48.3","","100.31","","27","","","","NA"
"-71.39","46.79","QUEBEC INTL A","7016293","2025-05-15 12:00","2025","05","15","12:00","","24.2","","14.4","","54","","","","27","","5","","40.2","","100.22","","28","","","","NA"
"-71.39","46.79","QUEBEC INTL A","7016293","2025-05-15 13:00","2025","05","15","13:00","","25.0","","13.6","","48","","","","22","","9","","40.2","","100.13","","28","","","","Mostly Cloudy"
"-71.39","46.79","QUEBEC INTL A","7016293","2025-05-15 14:00","2025","05","15","14:00","","26.8","","14.8","","47","","","","21","","14","","40.2","","100.05","","31","","","","NA"
"-71.39","46.79","QUEBEC INTL A","7016293","2025-05-15 15:00","2025","05","15","15:00","","27.3","","15.0","","47","","","","26","","19","","48.3","","99.98","","31","","","","NA"
"-71.39","46.79","QUEBEC INTL A","7016293","2025-05-15 16:00","2025","05","15","16:00","","27.3","","15.0","","46","","","","25","","18","","40.2","","99.93","","31","","","","Mainly Clear"
"-71.39","46.79","QUEBEC INTL A","7016293","2025-05-15 17:00","2025","05","15","17:00","","24.6","","15.9","","58","","","","26","","12","","48.3","","99.89","","29","","","","NA"
"-71.39","46.79","QUEBEC INTL A","7016293","2025-05-15 18:00","2025","05","15","18:00","","25.6","","15.0","","52","","","","25","","13","","48.3","","99.85","","30","","","","NA"
"-71.39","46.79","QUEBEC INTL A","7016293","2025-05-15 19:00","2025","05","15","19:00","","22.6","","15.2","","62","","","","23","","8","","48.3","","99.84","","27","","","","Mainly Clear"
"-71.39","46.79","QUEBEC INTL A","7016293","2025-05-15 20:00","2025","05","15","20:00","","19.6","","15.5","","77","","","","32","","5","","24.1","","99.87","","","","","","NA"
"-71.39","46.79","QUEBEC INTL A","7016293","2025-05-15 21:00","2025","05","15","21:00","","18.3","","15.3","","82","","","","","","0","","24.1","","99.86","","","","","","NA"
"-71.39","46.79","QUEBEC INTL A","7016293","2025-05-15 22:00","2025","05","15","22:00","","14.2","","9.4","","72","","","","7","","23","","24.1","","99.93","","","","","","Mostly Cloudy"
"-71.39","46.79","QUEBEC INTL A","7016293","2025-05-15 23:00","2025","05","15","23:00","","13.4","","7.7","","68","","","","8","","21","","24.1","","99.98","","","","","","NA"
"-71.39","46.79","QUEBEC INTL A","7016293","2025-05-16 00:00","2025","05","16","00:00","","12.2","","7.1","","71","","","","7","","16","","24.1","","99.96","","","","","","NA"
"-71.39","46.79","QUEBEC INTL A","7016293","2025-05-16 01:00","2025","05","16","01:00","","11.7","","6.9","","73","","","","8","","10","","24.1","","99.92","","","","","","Mainly Clear"
"-71.39","46.79","QUEBEC INTL A","7016293","2025-05-16 02:00","2025","05","16","02:00","","11.1","","6.4","","73","","","","6","","16","","24.1","","99.92","","","","","","NA"
"-71.39","46.79","QUEBEC INTL A","7016293","2025-05-16 03:00","2025","05","16","03:00","","10.9","","6.1","","72","","","","7","","17","","24.1","","99.97","","","","","","NA"
"-71.39","46.79","QUEBEC INTL A","7016293","2025-05-16 04:00","2025","05","16","04:00","","10.8","","4.9","","67","","","","7","","15","","32.2","","99.99","","","","","","Mainly Clear"
"-71.39","46.79","QUEBEC INTL A","7016293","2025-05-16 05:00","2025","05","16","05:00","","11.2","","4.7","","64","","","","7","","18","","32.2","","99.99","","","","","","NA"
"-71.39","46.79","QUEBEC INTL A","7016293","2025-05-16 06:00","2025","05","16","06:00","","12.6","","4.3","","57","","","","7","","26","","48.3","","99.97","","","","","","NA"
"-71.39","46.79","QUEBEC INTL A","7016293","2025-05-16 07:00","2025","05","16","07:00","","14.8","","4.3","","49","","","","8","","23","","48.3","","99.97","","","","","","Mostly Cloudy"
"-71.39","46.79","QUEBEC INTL A","7016293","2025-05-16 08:00","2025","05","16","08:00","","14.7","","4.8","","51","","","","8","","24","","48.3","","99.96","","","","","","NA"
"-71.39","46.79","QUEBEC INTL A","7016293","2025-05-16 09:00","2025","05","16","09:00","","16.4","","4.8","","46","","","","8","","21","","48.3","","99.94","","","","","","NA"
"-71.39","46.79","QUEBEC INTL A","7016293","2025-05-16 10:00","2025","05","16","10:00","","16.9","","6.2","","49","","","","9","","26","","48.3","","99.89","","","","","","Mainly Clear"
"-71.39","46.79","QUEBEC INTL A","7016293","2025-05-16 11:00","2025","05","16","11:00","","17.5","","6.7","","49","","","","9","","32","","48.3","","99.85","","","","","","NA"
"-71.39","46.79","QUEBEC INTL A","7016293","2025-05-16 12:00","2025","05","16","12:00","","18.1","","7.3","","49","","","","9","","25","","56.3","","99.78","","","","","","NA"
"-71.39","46.79","QUEBEC INTL A","7016293","2025-05-16 13:00","2025","05","16","13:00","","17.4","","6.3","","48","","","","7","","25","","48.3","","99.72","","","","","","Mostly Cloudy"
"-71.39","46.79","QUEBEC INTL A","7016293","2025-05-16 14:00","2025","05","16","14:00","","17.4","","7.2","","51","","","","8","","30","","48.3","","99.64","","","","","","NA"
"-71.39","46.79","QUEBEC INTL A","7016293","2025-05-16 15:00","2025","05","16","15:00","","17.1","","7.4","","53","","","","8","","30","","48.3","","99.61","","","","","","NA"
"-71.39","46.79","QUEBEC INTL A","7016293","2025-05-16 16:00","2025","05","16","16:00","","15.7","","7.8","","59","","","","8","","36","","48.3","","99.58","","","","","","Mostly Cloudy"
"-71.39","46.79","QUEBEC INTL A","7016293","2025-05-16 17:00","2025","05","16","17:00","","14.5","","8.1","","65","","","","9","","28","","48.3","","99.60","","","","","","NA"
"-71.39","46.79","QUEBEC INTL A","7016293","2025-05-16 18:00","2025","05","16","18:00","","14.3","","8.5","","68","","","","8","","22","","48.3","","99.56","","","","","","NA"
"-71.39","46.79","QUEBEC INTL A","7016293","2025-05-16 19:00","2025","05","16","19:00","","13.2","","7.7","","69","","","","8","","32","","48.3","","99.54","","","","","","Cloudy"
"-71.39","46.79","QUEBEC INTL A","7016293","2025-05-16 20:00","2025","05","16","20:00","","12.5","","6.7","","67","","","","9","","17","","24.1","","99.62","","","","","","NA"
"-71.39","46.79","QUEBEC INTL A","7016293","2025-05-16 21:00","2025","05","16","21:00","","10.3","","8.0","","86","","","","6","","21","","12.9","","99.74","","","","","","Rain Showers"
"-71.39","46.79","QUEBEC INTL A","7016293","2025-05-16 22:00","2025","05","16","22:00","","9.5","","8.1","","91","","","","6","","24","","16.1","","99.66","","","","","","Rain Showers"
"-71.39","46.79","QUEBEC INTL A","7016293","2025-05-16 23:00","2025","05","16","23:00","","9.0","","8.1","","94","","","","6","","15","","24.1","","99.62","","","","","","NA"
"-71.39","46.79","QUEBEC INTL A","7016293","2025-05-17 00:00","2025","05","17","00:00","","9.1","","8.0","","92","","","","6","","17","","24.1","","99.59","","","","","","NA"
"-71.39","46.79","QUEBEC INTL A","7016293","2025-05-17 01:00","2025","05","17","01:00","","9.3","","7.9","","91","","","","7","","16","","24.1","","99.61","","","","","","Cloudy"
"-71.39","46.79","QUEBEC INTL A","7016293","2025-05-17 02:00","2025","05","17","02:00","","8.9","","7.9","","93","","","","6","","15","","24.1","","99.48","","","","","","NA"
"-71.39","46.79","QUEBEC INTL A","7016293","2025-05-17 03:00","2025","05","17","03:00","","9.7","","8.8","","94","","","","6","","11","","24.1","","99.45","","","","","","NA"
"-71.39","46.79","QUEBEC INTL A","7016293","2025-05-17 04:00","2025","05","17","04:00","","9.9","","9.4","","97","","","","7","","14","","24.1","","99.42","","","","","","Cloudy"
"-71.39","46.79","QUEBEC INTL A","7016293","2025-05-17 05:00","2025","05","17","05:00","","10.6","","10.3","","98","","","","8","","15","","16.1","","99.44","","","","","","NA"
"-71.39","46.79","QUEBEC INTL A","7016293","2025-05-17 06:00","2025","05","17","06:00","","11.3","","11.2","","99","","","","7","","16","","12.9","","99.41","","","","","","NA"
"-71.39","46.79","QUEBEC INTL A","7016293","2025-05-17 07:00","2025","05","17","07:00","","12.5","","12.0","","96","","","","7","","16","","24.1","","99.43","","","","","","Cloudy"
"-71.39","46.79","QUEBEC INTL A","7016293","2025-05-17 08:00","2025","05","17","08:00","","14.8","","13.4","","92","","","","8","","18","","32.2","","99.37","","","","","","NA"
"-71.39","46.79","QUEBEC INTL A","7016293","2025-05-17 09:00","2025","05","17","09:00","","16.1","","14.2","","88","","","","7","","24","","40.2","","99.32","","","","","","NA"
"-71.39","46.79","QUEBEC INTL A","7016293","2025-05-17 10:00","2025","05","17","10:00","","16.2","","13.9","","86","","","","8","","19","","40.2","","99.25","","","","","","Cloudy"
"-71.39","46.79","QUEBEC INTL A","7016293","2025-05-17 11:00","2025","05","17","11:00","","15.9","","13.7","","87","","","","8","","28","","40.2","","99.15","","","","","","Rain Showers"
"-71.39","46.79","QUEBEC INTL A","7016293","2025-05-17 12:00","2025","05","17","12:00","","16.4","","14.3","","87","","","","7","","22","","40.2","","99.10","","","","","","NA"
"-71.39","46.79","QUEBEC INTL A","7016293","2025-05-17 13:00","2025","05","17","13:00","","16.2","","14.2","","88","","","","8","","18","","16.1","","98.99","","","","","","Thunderstorms,Rain Showers"
"-71.39","46.79","QUEBEC INTL A","7016293","2025-05-17 14:00","2025","05","17","14:00","","15.2","","15.0","","98","","","","8","","26","","9.7","","98.98","","","","","","Rain Showers,Fog"
"-71.39","46.79","QUEBEC INTL A","7016293","2025-05-17 15:00","2025","05","17","15:00","","13.2","","13.2","","100","","","","8","","32","","12.9","","98.90","","","","","","NA"
"-71.39","46.79","QUEBEC INTL A","7016293","2025-05-17 16:00","2025","05","17","16:00","","13.1","","13.1","","100","","","","7","","28","","12.9","","98.88","","","","","","Rain Showers"
"-71.39","46.79","QUEBEC INTL A","7016293","2025-05-17 17:00","2025","05","17","17:00","","12.2","","12.2","","100","","","","9","","20","","12.9","","98.91","","","","","","NA"
"-71.39","46.79","QUEBEC INTL A","7016293","2025-05-17 18:00","2025","05","17","18:00","","10.8","","10.8","","100","","","","8","","23","","12.9","","98.90","","","","","","Rain Showers"
"-71.39","46.79","QUEBEC INTL A","7016293","2025-05-17 19:00","2025","05","17","19:00","","10.3","","10.3","","100","","","","9","","26","","6.4","","98.91","","","","","","Moderate Rain Showers,Fog"
"-71.39","46.79","QUEBEC INTL A","7016293","2025-05-17 20:00","2025","05","17","20:00","","9.9","","9.9","","100","","","","9","","26","","9.7","","98.91","","","","","","Rain Showers,Fog"
"-71.39","46.79","QUEBEC INTL A","7016293","2025-05-17 21:00","2025","05","17","21:00","","10.1","","10.1","","100","","","","7","","28","","8.1","","98.81","","","","","","Rain Showers,Fog"
"-71.39","46.79","QUEBEC INTL A","7016293","2025-05-17 22:00","2025","05","17","22:00","","10.2","","10.2","","100","","","","9","","23","","8.1","","98.82","","","","","","Rain,Fog"
"-71.39","46.79","QUEBEC INTL A","7016293","2025-05-17 23:00","2025","05","17","23:00","","10.0","","10.0","","100","","","","9","","15","","9.7","","98.81","","","","","","Rain,Fog"
"-71.39","46.79","QUEBEC INTL A","7016293","2025-05-18 00:00","2025","05","18","00:00","","9.7","","9.7","","100","","","","9","","22","","9.7","","98.76","","","","","","Rain Showers,Fog"
"-71.39","46.79","QUEBEC INTL A","7016293","2025-05-18 01:00","2025","05","18","01:00","","9.6","","9.6","","100","","","","8","","26","","11.3","","98.73","","","","","","Rain Showers"
"-71.39","46.79","QUEBEC INTL A","7016293","2025-05-18 02:00","2025","05","18","02:00","","9.6","","9.6","","100","","","","8","","13","","11.3","","98.70","","","","","","Rain Showers"
"-71.39","46.79","QUEBEC INTL A","7016293","2025-05-18 03:00","2025","05","18","03:00","","9.3","","9.3","","100","","","","9","","14","","6.4","","98.69","","","","","","Moderate Rain Showers,Fog"
"-71.39","46.79","QUEBEC INTL A","7016293","2025-05-18 04:00","2025","05","18","04:00","","9.1","","9.1","","100","","","","9","","21","","6.4","","98.70","","","","","","Rain Showers,Fog"
"-71.39","46.79","QUEBEC INTL A","7016293","2025-05-18 05:00","2025","05","18","05:00","","8.9","","8.9","","100","","","","7","","16","","4.0","","98.75","","","","","","Moderate Rain,Fog"
"-71.39","46.79","QUEBEC INTL A","7016293","2025-05-18 06:00","2025","05","18","06:00","","8.7","","8.7","","100","","","","8","","17","","4.8","","98.78","","","","","","Moderate Rain,Fog"
"-71.39","46.79","QUEBEC INTL A","7016293","2025-05-18 07:00","2025","05","18","07:00","","8.6","","8.6","","100","","","","8","","16","","4.8","","98.79","","","","","","Moderate Rain,Fog"
"-71.39","46.79","QUEBEC INTL A","7016293","2025-05-18 08:00","2025","05","18","08:00","","8.8","","8.8","","100","","","","8","","15","","6.4","","98.78","","","","","","Moderate Rain,Fog"
"-71.39","46.79","QUEBEC INTL A","7016293","2025-05-18 09:00","2025","05","18","09:00","","9.1","","9.1","","100","","","","8","","15","","16.1","","98.77","","","","","","Rain"
"-71.39","46.79","QUEBEC INTL A","7016293","2025-05-18 10:00","2025","05","18","10:00","","8.9","","8.9","","100","","","","8","","16","","4.8","","98.80","","","","","","Rain,Fog"
"-71.39","46.79","QUEBEC INTL A","7016293","2025-05-18 11:00","2025","05","18","11:00","","9.0","","9.0","","100","","","","7","","13","","2.4","","98.81","","","","","","Drizzle,Fog"
"-71.39","46.79","QUEBEC INTL A","7016293","2025-05-18 12:00","2025","05","18","12:00","","9.0","","9.0","","100","","","","8","","15","","2.4","","98.80","","","","","","Drizzle,Fog"
"-71.39","46.79","QUEBEC INTL A","7016293","2025-05-18 13:00","2025","05","18","13:00","","9.4","","9.4","","100","","","","8","","19","","2.8","","98.79","","","","","","Drizzle,Fog"
"-71.39","46.79","QUEBEC INTL A","7016293","2025-05-18 14:00","2025","05","18","14:00","","9.5","","9.5","","100","","","","7","","13","","16.1","","98.81","","","","","","Drizzle"
"-71.39","46.79","QUEBEC INTL A","7016293","2025-05-18 15:00","2025","05","18","15:00","","9.3","","9.1","","99","","","","9","","19","","8.1","","98.82","","","","","","Rain,Fog"
"-71.39","46.79","QUEBEC INTL A","7016293","2025-05-18 16:00","2025","05","18","16:00","","8.8","","8.8","","100","","","","7","","15","","6.4","","98.85","","","","","","Rain,Fog"
"-71.39","46.79","QUEBEC INTL A","7016293","2025-05-18 17:00","2025","05","18","17:00","","8.5","","8.5","","100","","","","7","","17","","8.1","","98.90","","","","","","Rain,Fog"
"-71.39","46.79","QUEBEC INTL A","7016293","2025-05-18 18:00","2025","05","18","18:00","","8.4","","8.4","","100","","","","6","","11","","8.1","","98.97","","","","","","Rain,Fog"
"-71.39","46.79","QUEBEC INTL A","7016293","2025-05-18 19:00","2025","05","18","19:00","","8.0","","8.0","","100","","","","8","","16","","4.8","","99.06","","","","","","Rain,Fog"
"-71.39","46.79","QUEBEC INTL A","7016293","2025-05-18 20:00","2025","05","18","20:00","","7.9","","7.9","","100","","","","7","","9","","9.7","","99.15","","","","","","Rain"
"-71.39","46.79","QUEBEC INTL A","7016293","2025-05-18 21:00","2025","05","18","21:00","","7.9","","7.9","","100","","","","8","","5","","12.9","","99.19","","","","","","Rain"
"-71.39","46.79","QUEBEC INTL A","7016293","2025-05-18 22:00","2025","05","18","22:00","","7.9","","7.9","","100","","","","","","0","","12.9","","99.21","","","","","","Rain"
"-71.39","46.79","QUEBEC INTL A","7016293","2025-05-18 23:00","2025","05","18","23:00","","7.8","","7.8","","100","","","","21","","3","","19.3","","99.22","","","","","","NA"
"-71.39","46.79","QUEBEC INTL A","7016293","2025-05-19 00:00","2025","05","19","00:00","","8.4","","8.3","","100","","","","27","","9","","24.1","","99.23","","","","","","NA"
"-71.39","46.79","QUEBEC INTL A","7016293","2025-05-19 01:00","2025","05","19","01:00","","8.5","","7.6","","94","","","","27","","9","","24.1","","99.26","","","","","","Cloudy"
"-71.39","46.79","QUEBEC INTL A","7016293","2025-05-19 02:00","2025","05","19","02:00","","8.4","","7.4","","93","","","","27","","7","","24.1","","99.30","","","","","","NA"
"-71.39","46.79","QUEBEC INTL A","7016293","2025-05-19 03:00","2025","05","19","03:00","","8.5","","6.3","","86","","","","28","","7","","24.1","","99.32","","","","","","NA"
"-71.39","46.79","QUEBEC INTL A","7016293","2025-05-19 04:00","2025","05","19","04:00","","8.2","","5.9","","85","","","","30","","9","","12.9","","99.38","","","","","","Rain"
"-71.39","46.79","QUEBEC INTL A","7016293","2025-05-19 05:00","2025","05","19","05:00","","7.4","","6.2","","92","","","","28","","4","","14.5","","99.47","","","","","","Rain"
"-71.39","46.79","QUEBEC INTL A","7016293","2025-05-19 06:00","2025","05","19","06:00","","7.4","","6.2","","92","","","","30","","4","","16.1","","99.55","","","","","","Rain"
"-71.39","46.79","QUEBEC INTL A","7016293","2025-05-19 07:00","2025","05","19","07:00","","7.9","","6.5","","91","","","","31","","6","","16.1","","99.58","","","","","","Rain"
"-71.39","46.79","QUEBEC INTL A","7016293","2025-05-19 08:00","2025","05","19","08:00","","8.1","","7.0","","93","","","","29","","7","","24.1","","99.63","","","","","","Rain"
"-71.39","46.79","QUEBEC INTL A","7016293","2025-05-19 09:00","2025","05","19","09:00","","8.1","","6.3","","88","","","","29","","11","","24.1","","99.67","","","","","","Rain"
"-71.39","46.79","QUEBEC INTL A","7016293","2025-05-19 10:00","2025","05","19","10:00","","8.7","","6.3","","85","","","","29","","11","","24.1","","99.68","","","","","","Rain"
"-71.39","46.79","QUEBEC INTL A","7016293","2025-05-19 11:00","2025","05","19","11:00","","9.7","","7.5","","86","","","","28","","11","","12.9","","99.68","","","","","","Rain"
"-71.39","46.79","QUEBEC INTL A","7016293","2025-05-19 12:00","2025","05","19","12:00","","10.0","","8.2","","89","","","","34","","10","","8.1","","99.72","","","","","","Rain,Fog"
"-71.39","46.79","QUEBEC INTL A","7016293","2025-05-19 13:00","2025","05","19","13:00","","9.3","","9.1","","99","","","","6","","12","","3.2","","99.78","","","","","","Rain,Fog"
"-71.39","46.79","QUEBEC INTL A","7016293","2025-05-19 14:00","2025","05","19","14:00","","9.2","","9.2","","100","","","","9","","13","","3.2","","99.87","","","","","","Rain,Fog"
"-71.39","46.79","QUEBEC INTL A","7016293","2025-05-19 15:00","2025","05","19","15:00","","9.1","","8.9","","99","","","","14","","5","","8.1","","99.92","","","","","","Rain,Fog"
"-71.39","46.79","QUEBEC INTL A","7016293","2025-05-19 16:00","2025","05","19","16:00","","9.4","","9.2","","99","","","","18","","5","","8.1","","99.98","","","","","","Rain,Fog"
"-71.39","46.79","QUEBEC INTL A","7016293","2025-05-19 17:00","2025","05","19","17:00","","9.3","","9.3","","100","","","","15","","9","","12.9","","100.04","","","","","","Rain"
"-71.39","46.79","QUEBEC INTL A","7016293","2025-05-19 18:00","2025","05","19","18:00","","9.5","","9.4","","99","","","","12","","5","","24.1","","100.11","","","","","","NA"
"-71.39","46.79","QUEBEC INTL A","7016293","2025-05-19 19:00","2025","05","19","19:00","","9.1","","9.1","","100","","","","18","","3","","24.1","","100.17","","","","","","Cloudy"
"-71.39","46.79","QUEBEC INTL A","7016293","2025-05-19 20:00","2025","05","19","20:00","","9.0","","9.0","","100","","","","10","","7","","12.9","","100.24","","","","","","Rain"
"-71.39","46.79","QUEBEC INTL A","7016293","2025-05-19 21:00","2025","05","19","21:00","","8.4","","8.1","","98","","","","7","","13","","16.1","","100.28","","","","","","NA"
"-71.39","46.79","QUEBEC INTL A","7016293","2025-05-19 22:00","2025","05","19","22:00","","8.1","","8.1","","100","","","","","","0","","24.1","","100.30","","","","","","Cloudy"
"-71.39","46.79","QUEBEC INTL A","7016293","2025-05-19 23:00","2025","05","19","23:00","","7.5","","6.7","","95","","","","","","0","","24.1","","100.33","","","","","","NA"
"-71.39","46.79","QUEBEC INTL A","7016293","2025-05-20 00:00","2025","05","20","00:00","","7.5","","6.0","","90","","","","32","","4","","24.1","","100.36","","","","","","NA"
"-71.39","46.79","QUEBEC INTL A","7016293","2025-05-20 01:00","2025","05","20","01:00","","7.6","","5.7","","88","","","","","","0","","16.1","","100.38","","","","","","Rain"
"-71.39","46.79","QUEBEC INTL A","7016293","2025-05-20 02:00","2025","05","20","02:00","","7.2","","6.1","","93","","","","","","0","","16.1","","100.42","","","","","","Rain"
"-71.39","46.79","QUEBEC INTL A","7016293","2025-05-20 03:00","2025","05","20","03:00","","7.0","","5.6","","91","","","","","","0","","24.1","","100.48","","","","","","NA"
"-71.39","46.79","QUEBEC INTL A","7016293","2025-05-20 04:00","2025","05","20","04:00","","7.1","","5.6","","90","","","","5","","5","","40.2","","100.55","","","","","","Cloudy"
"-71.39","46.79","QUEBEC INTL A","7016293","2025-05-20 05:00","2025","05","20","05:00","","7.0","","5.1","","87","","","","34","","5","","48.3","","100.63","","","","","","NA"
"-71.39","46.79","QUEBEC INTL A","7016293","2025-05-20 06:00","2025","05","20","06:00","","7.3","","4.9","","85","","","","1","","4","","48.3","","100.68","","","","","","NA"
"-71.39","46.79","QUEBEC INTL A","7016293","2025-05-20 07:00","2025","05","20","07:00","","7.8","","5.3","","84","","","","34","","6","","48.3","","100.73","","","","","","Cloudy"
"-71.39","46.79","QUEBEC INTL A","7016293","2025-05-20 08:00","2025","05","20","08:00","","8.5","","5.8","","83","","","","3","","7","","48.3","","100.78","","","","","","NA"
"-71.39","46.79","QUEBEC INTL A","7016293","2025-05-20 09:00","2025","05","20","09:00","","9.8","","7.1","","83","","","","6","","9","","48.3","","100.82","","","","","","Rain"
"-71.39","46.79","QUEBEC INTL A","7016293","2025-05-20 10:00","2025","05","20","10:00","","10.5","","7.6","","82","","","","9","","18","","48.3","","100.86","","","","","","Cloudy"
"-71.39","46.79","QUEBEC INTL A","7016293","2025-05-20 11:00","2025","05","20","11:00","","10.5","","6.5","","76","","","","9","","23","","48.3","","100.87","","","","","","Rain"
"-71.39","46.79","QUEBEC INTL A","7016293","2025-05-20 12:00","2025","05","20","12:00","","10.2","","6.6","","79","","","","8","","28","","48.3","","100.93","","","","","","Rain"
"-71.39","46.79","QUEBEC INTL A","7016293","2025-05-20 13:00","2025","05","20","13:00","","10.6","","7.2","","79","","","","6","","20","","48.3","","100.95","","","","","","Rain"
"-71.39","46.79","QUEBEC INTL A","7016293","2025-05-20 14:00","2025","05","20","14:00","","11.1","","5.9","","70","","","","7","","23","","48.3","","100.98","","","","","","NA"
"-71.39","46.79","QUEBEC INTL A","7016293","2025-05-20 15:00","2025","05","20","15:00","","11.6","","5.4","","66","","","","6","","25","","48.3","","100.94","","","","","","NA"
"-71.39","46.79","QUEBEC INTL A","7016293","2025-05-20 16:00","2025","05","20","16:00","","11.2","","5.8","","69","","","","5","","18","","48.3","","100.96","","","","","","Mostly Cloudy"
"-71.39","46.79","QUEBEC INTL A","7016293","2025-05-20 17:00","2025","05","20","17:00","","11.4","","5.7","","68","","","","7","","16","","48.3","","100.98","","","","","","NA"
"-71.39","46.79","QUEBEC INTL A","7016293","2025-05-20 18:00","2025","05","20","18:00","","11.1","","5.5","","68","","","","6","","17","","48.3","","101.01","","","","","","NA"
"-71.39","46.79","QUEBEC INTL A","7016293","2025-05-20 19:00","2025","05","20","19:00","","10.1","","4.9","","70","","","","7","","21","","48.3","","101.01","","","","","","Mainly Clear"
"-71.39","46.79","QUEBEC INTL A","7016293","2025-05-20 20:00","2025","05","20","20:00","","9.2","","5.5","","78","","","","7","","15","","32.2","","101.06","","","","","","NA"
"-71.39","46.79","QUEBEC INTL A","7016293","2025-05-20 21:00","2025","05","20","21:00","","7.2","","5.5","","88","","","","35","","7","","24.1","","101.07","","","","","","NA"
"-71.39","46.79","QUEBEC INTL A","7016293","2025-05-20 22:00","2025","05","20","22:00","","8.5","","5.5","","81","","","","2","","10","","24.1","","101.07","","","","","","Mostly Cloudy"
"-71.39","46.79","QUEBEC INTL A","7016293","2025-05-20 23:00","2025","05","20","23:00","","8.4","","5.9","","84","","","","2","","9","","24.1","","101.07","","","","","","NA"
"-71.39","46.79","QUEBEC INTL A","7016293","2025-05-21 00:00","2025","05","21","00:00","","8.0","","6.4","","90","","","","2","","4","","24.1","","101.10","","","","","","NA"
"-71.39","46.79","QUEBEC INTL A","7016293","2025-05-21 01:00","2025","05","21","01:00","","9.4","","6.6","","83","","","","7","","17","","24.1","","101.11","","","","","","Cloudy"
"-71.39","46.79","QUEBEC INTL A","7016293","2025-05-21 02:00","2025","05","21","02:00","","9.2","","6.5","","84","","","","6","","17","","24.1","","101.12","","","","","","NA"
"-71.39","46.79","QUEBEC INTL A","7016293","2025-05-21 03:00","2025","05","21","03:00"
"-71.39","46.79","QUEBEC INTL A","7016293","2025-05-21 04:00","2025","05","21","04:00","","6.0","","5.0","","93","","","","8","","9","","24.1","","101.17","","","","","","Mainly Clear"
"-71.39","46.79","QUEBEC INTL A","7016293","2025-05-21 05:00","2025","05","21","05:00","","8.2","","6.8","","91","","","","6","","10","","48.3","","101.23","","","","","","NA"
"-71.39","46.79","QUEBEC INTL A","7016293","2025-05-21 06:00","2025","05","21","06:00","","9.7","","7.9","","89","","","","5","","12","","48.3","","101.29","","","","","","NA"
"-71.39","46.79","QUEBEC INTL A","7016293","2025-05-21 07:00","2025","05","21","07:00","","10.8","","6.6","","75","","","","7","","15","","48.3","","101.29","","","","","","Mainly Clear"
"-71.39","46.79","QUEBEC INTL A","7016293","2025-05-21 08:00","2025","05","21","08:00","","12.2","","6.6","","69","","","","8","","22","","48.3","","101.28","","","","","","NA"
"-71.39","46.79","QUEBEC INTL A","7016293","2025-05-21 09:00","2025","05","21","09:00","","12.5","","6.3","","66","","","","9","","28","","48.3","","101.24","","","","","","NA"
"-71.39","46.79","QUEBEC INTL A","7016293","2025-05-21 10:00","2025","05","21","10:00","","12.8","","6.3","","65","","","","10","","25","","48.3","","101.20","","","","","","Mostly Cloudy"
"-71.39","46.79","QUEBEC INTL A","7016293","2025-05-21 11:00","2025","05","21","11:00","","11.6","","6.8","","72","","","","7","","26","","48.3","","101.20","","","","","","NA"
"-71.39","46.79","QUEBEC INTL A","7016293","2025-05-21 12:00","2025","05","21","12:00","","11.6","","6.6","","71","","","","8","","24","","48.3","","101.17","","","","","","NA"
"-71.39","46.79","QUEBEC INTL A","7016293","2025-05-21 13:00","2025","05","21","13:00","","13.5","","7.1","","65","","","","8","","24","","48.3","","101.11","","","","","","Mostly Cloudy"
"-71.39","46.79","QUEBEC INTL A","7016293","2025-05-21 14:00","2025","05","21","14:00","","14.2","","7.8","","65","","","","8","","26","","48.3","","101.08","","","","","","NA"
"-71.39","46.79","QUEBEC INTL A","7016293","2025-05-21 15:00","2025","05","21","15:00","","13.8","","7.0","","63","","","","9","","26","","48.3","","101.07","","","","","","NA"
"-71.39","46.79","QUEBEC INTL A","7016293","2025-05-21 16:00","2025","05","21","16:00","","12.8","","6.7","","66","","","","8","","28","","48.3","","101.07","","","","","","Mostly Cloudy"
"-71.39","46.79","QUEBEC INTL A","7016293","2025-05-21 17:00","2025","05","21","17:00","","11.9","","7.3","","73","","","","8","","28","","48.3","","101.08","","","","","","NA"
"-71.39","46.79","QUEBEC INTL A","7016293","2025-05-21 18:00","2025","05","21","18:00","","10.9","","6.8","","76","","","","8","","23","","48.3","","101.08","","","","","","NA"
"-71.39","46.79","QUEBEC INTL A","7016293","2025-05-21 19:00","2025","05","21","19:00","","10.5","","7.1","","79","","","","7","","25","","48.3","","101.11","","","","","","Cloudy"
"-71.39","46.79","QUEBEC INTL A","7016293","2025-05-21 20:00","2025","05","21","20:00","","10.2","","6.9","","80","","","","7","","19","","24.1","","101.12","","","","","","NA"
"-71.39","46.79","QUEBEC INTL A","7016293","2025-05-21 21:00","2025","05","21","21:00","","10.0","","7.0","","82","","","","7","","17","","24.1","","101.13","","","","","","NA"
"-71.39","46.79","QUEBEC INTL A","7016293","2025-05-21 22:00","2025","05","21","22:00","","10.0","","7.1","","82","","","","8","","22","","24.1","","101.12","","","","","","Cloudy"
"-71.39","46.79","QUEBEC INTL A","7016293","2025-05-21 23:00","2025","05","21","23:00","","9.8","","7.5","","86","","","","8","","21","","24.1","","101.13","","","","","","NA"
"-71.39","46.79","QUEBEC INTL A","7016293","2025-05-22 00:00","2025","05","22","00:00","","9.6","","6.5","","81","","","","9","","18","","24.1","","101.10","","","","","","NA"
"-71.39","46.79","QUEBEC INTL A","7016293","2025-05-22 01:00","2025","05","22","01:00","","9.6","","3.6","","66","","","","8","","21","","24.1","","101.07","","","","","","Cloudy"
"-71.39","46.79","QUEBEC INTL A","7016293","2025-05-22 02:00","2025","05","22","02:00","","9.4","","3.7","","68","","","","8","","21","","24.1","","101.07","","","","","","NA"
"-71.39","46.79","QUEBEC INTL A","7016293","2025-05-22 03:00","2025","05","22","03:00","","8.9","","3.2","","68","","","","8","","22","","24.1","","101.06","","","","","","NA"
"-71.39","46.79","QUEBEC INTL A","7016293","2025-05-22 04:00","2025","05","22","04:00","","8.4","","3.5","","71","","","","8","","20","","48.3","","101.06","","","","","","Mostly Cloudy"
"-71.39","46.79","QUEBEC INTL A","7016293","2025-05-22 05:00","2025","05","22","05:00","","8.0","","3.5","","73","","","","8","","17","","48.3","","101.08","","","","","","NA"
"-71.39","46.79","QUEBEC INTL A","7016293","2025-05-22 06:00","2025","05","22","06:00","","8.3","","3.3","","71","","","","8","","23","","40.2","","101.13","","","","","","NA"
"-71.39","46.79","QUEBEC INTL A","7016293","2025-05-22 07:00","2025","05","22","07:00","","8.3","","3.4","","71","","","","10","","20","","48.3","","101.14","","","","","","Cloudy"
"-71.39","46.79","QUEBEC INTL A","7016293","2025-05-22 08:00","2025","05","22","08:00","","8.6","","3.0","","68","","","","8","","27","","48.3","","101.12","","","","","","NA"
"-71.39","46.79","QUEBEC INTL A","7016293","2025-05-22 09:00","2025","05","22","09:00","","9.3","","3.5","","67","","","","7","","30","","48.3","","101.07","","","","","","NA"
"-71.39","46.79","QUEBEC INTL A","7016293","2025-05-22 10:00","2025","05","22","10:00","","10.8","","4.3","","64","","","","7","","27","","48.3","","101.05","","","","","","Cloudy"
"-71.39","46.79","QUEBEC INTL A","7016293","2025-05-22 11:00","2025","05","22","11:00","","10.9","","4.9","","66","","","","6","","32","","48.3","","101.02","","","","","","NA"
"-71.39","46.79","QUEBEC INTL A","7016293","2025-05-22 12:00","2025","05","22","12:00","","12.7","","5.6","","62","","","","7","","25","","48.3","","100.96","","","","","","NA"
"-71.39","46.79","QUEBEC INTL A","7016293","2025-05-22 13:00","2025","05","22","13:00","","12.6","","4.9","","59","","","","7","","32","","48.3","","100.90","","","","","","Cloudy"
"-71.39","46.79","QUEBEC INTL A","7016293","2025-05-22 14:00","2025","05","22","14:00","","13.8","","5.4","","57","","","","7","","31","","48.3","","100.83","","","","","","NA"
"-71.39","46.79","QUEBEC INTL A","7016293","2025-05-22 15:00","2025","05","22","15:00","","13.5","","6.0","","60","","","","8","","25","","48.3","","100.76","","","","","","NA"
"-71.39","46.79","QUEBEC INTL A","7016293","2025-05-22 16:00","2025","05","22","16:00","","13.6","","5.0","","56","","","","8","","25","","40.2","","100.73","","","","","","Mostly Cloudy"
"-71.39","46.79","QUEBEC INTL A","7016293","2025-05-22 17:00","2025","05","22","17:00","","13.1","","4.5","","56","","","","8","","29","","48.3","","100.74","","","","","","NA"
"-71.39","46.79","QUEBEC INTL A","7016293","2025-05-22 18:00","2025","05","22","18:00","","13.0","","4.9","","58","","","","8","","24","","48.3","","100.74","","","","","","NA"
"-71.39","46.79","QUEBEC INTL A","7016293","2025-05-22 19:00","2025","05","22","19:00","","11.8","","3.6","","57","","","","13","","16","","48.3","","100.79","","","","","","Mostly Cloudy"
"-71.39","46.79","QUEBEC INTL A","7016293","2025-05-22 20:00","2025","05","22","20:00","","11.2","","3.8","","60","","","","12","","19","","24.1","","100.80","","","","","","NA"
"-71.39","46.79","QUEBEC INTL A","7016293","2025-05-22 21:00","2025","05","22","21:00","","10.7","","3.7","","62","","","","10","","17","","24.1","","100.78","","","","","","NA"
"-71.39","46.79","QUEBEC INTL A","7016293","2025-05-22 22:00","2025","05","22","22:00","","10.5","","3.7","","63","","","","9","","17","","24.1","","100.72","","","","","","Cloudy"
"-71.39","46.79","QUEBEC INTL A","7016293","2025-05-22 23:00","2025","05","22","23:00","","10.3","","4.7","","68","","","","8","","17","","24.1","","100.67","","","","","","NA"
"-71.39","46.79","QUEBEC INTL A","7016293","2025-05-23 00:00","2025","05","23","00:00","","10.4","","4.5","","67","","","","7","","18","","24.1","","100.61","","","","","","NA"
"-71.39","46.79","QUEBEC INTL A","7016293","2025-05-23 01:00","2025","05","23","01:00","","10.6","","4.8","","67","","","","7","","19","","24.1","","100.51","","","","","","Cloudy"
"-71.39","46.79","QUEBEC INTL A","7016293","2025-05-23 02:00","2025","05","23","02:00","","10.7","","5.5","","71","","","","7","","22","","24.1","","100.45","","","","","","NA"
"-71.39","46.79","QUEBEC INTL A","7016293","2025-05-23 03:00","2025","05","23","03:00","","9.9","","6.5","","79","","","","7","","28","","24.1","","100.40","","","","","","Rain"
"-71.39","46.79","QUEBEC INTL A","7016293","2025-05-23 04:00","2025","05","23","04:00","","8.4","","6.9","","90","","","","7","","27","","12.9","","100.42","","","","","","Rain"
"-71.39","46.79","QUEBEC INTL A","7016293","2025-05-23 05:00","2025","05","23","05:00","","7.8","","7.1","","95","","","","6","","23","","9.7","","100.41","","","","","","Rain,Fog"
"-71.39","46.79","QUEBEC INTL A","7016293","2025-05-23 06:00","2025","05","23","06:00","","7.7","","7.3","","97","","","","6","","28","","9.7","","100.38","","","","","","Rain,Fog"
"-71.39","46.79","QUEBEC INTL A","7016293","2025-05-23 07:00","2025","05","23","07:00","","7.4","","6.8","","96","","","","6","","28","","8.1","","100.32","","","","","","Rain,Fog"
"-71.39","46.79","QUEBEC INTL A","7016293","2025-05-23 08:00","2025","05","23","08:00","","7.5","","6.1","","91","","","","5","","34","","16.1","","100.26","","","","","","Rain"
"-71.39","46.79","QUEBEC INTL A","7016293","2025-05-23 09:00","2025","05","23","09:00","","7.2","","6.1","","93","","","","6","","27","","6.4","","100.25","","","","","","Rain,Fog"
"-71.39","46.79","QUEBEC INTL A","7016293","2025-05-23 10:00","2025","05","23","10:00","","7.7","","6.5","","92","","","","7","","29","","12.9","","100.25","","","","","","Rain"
"-71.39","46.79","QUEBEC INTL A","7016293","2025-05-23 11:00","2025","05","23","11:00","","7.6","","6.0","","89","","","","7","","39","","16.1","","100.22","","","","","","Rain"
"-71.39","46.79","QUEBEC INTL A","7016293","2025-05-23 12:00","2025","05","23","12:00","","7.7","","6.1","","90","","","","6","","34","","11.3","","100.22","","","","","","Rain"
"-71.39","46.79","QUEBEC INTL A","7016293","2025-05-23 13:00","2025","05","23","13:00","","8.1","","6.6","","91","","","","7","","30","","24.1","","100.17","","","","","","Cloudy"
"-71.39","46.79","QUEBEC INTL A","7016293","2025-05-23 14:00","2025","05","23","14:00","","8.5","","5.2","","79","","","","8","","44","","24.1","","100.13","","","","","","NA"
"-71.39","46.79","QUEBEC INTL A","7016293","2025-05-23 15:00","2025","05","23","15:00","","8.6","","5.2","","79","","","","7","","38","","24.1","","100.13","","","","","","NA"
"-71.39","46.79","QUEBEC INTL A","7016293","2025-05-23 16:00","2025","05","23","16:00","","8.4","","4.9","","78","","","","7","","40","","16.1","","100.15","","","","","","Cloudy"
"-71.39","46.79","QUEBEC INTL A","7016293","2025-05-23 17:00","2025","05","23","17:00","","7.4","","5.3","","87","","","","6","","35","","16.1","","100.18","","","","","","Rain Showers"
"-71.39","46.79","QUEBEC INTL A","7016293","2025-05-23 18:00","2025","05","23","18:00","","7.0","","4.5","","84","","","","7","","36","","24.1","","100.19","","","","","","Rain Showers"
"-71.39","46.79","QUEBEC INTL A","7016293","2025-05-23 19:00","2025","05","23","19:00","","6.7","","4.4","","85","","","","7","","28","","24.1","","100.20","","","","","","Rain Showers"
"-71.39","46.79","QUEBEC INTL A","7016293","2025-05-23 20:00","2025","05","23","20:00","","6.4","","4.0","","85","","","","6","","23","","24.1","","100.21","","","","","","Rain Showers"
"-71.39","46.79","QUEBEC INTL A","7016293","2025-05-23 21:00","2025","05","23","21:00","","6.2","","4.1","","87","","","","4","","21","","24.1","","100.20","","","","","","Rain Showers"
"-71.39","46.79","QUEBEC INTL A","7016293","2025-05-23 22:00","2025","05","23","22:00","","6.3","","4.2","","87","","","","5","","21","","24.1","","100.17","","","","","","Cloudy"
"-71.39","46.79","QUEBEC INTL A","7016293","2025-05-23 23:00","2025","05","23","23:00","","6.2","","4.3","","88","","","","6","","14","","24.1","","100.14","","","","","","NA"
"-71.39","46.79","QUEBEC INTL A","7016293","2025-05-24 00:00","2025","05","24","00:00","","6.4","","3.9","","84","","","","7","","17","","24.1","","100.11","","","","","","NA"
"-71.39","46.79","QUEBEC INTL A","7016293","2025-05-24 01:00","2025","05","24","01:00","","6.0","","4.7","","92","","","","6","","18","","16.1","","100.09","","","","","","Rain Showers"
"-71.39","46.79","QUEBEC INTL A","7016293","2025-05-24 02:00","2025","05","24","02:00","","5.2","","4.5","","96","","","","4","","6","","19.3","","100.07","","","","","","Rain Showers"
"-71.39","46.79","QUEBEC INTL A","7016293","2025-05-24 03:00","2025","05","24","03:00","","5.1","","5.1","","100","","","","27","","3","","24.1","","100.08","","","","","","Rain Showers"
"-71.39","46.79","QUEBEC INTL A","7016293","2025-05-24 04:00","2025","05","24","04:00","","5.1","","5.1","","100","","","","","","0","","24.1","","100.08","","","","","","Rain Showers"
"-71.39","46.79","QUEBEC INTL A","7016293","2025-05-24 05:00","2025","05","24","05:00","","5.2","","5.2","","100","","","","29","","3","","16.1","","100.11","","","","","","Rain Showers"
"-71.39","46.79","QUEBEC INTL A","7016293","2025-05-24 06:00","2025","05","24","06:00","","5.8","","5.5","","98","","","","3","","3","","16.1","","100.14","","","","","","Rain"
"-71.39","46.79","QUEBEC INTL A","7016293","2025-05-24 07:00","2025","05","24","07:00","","6.7","","5.5","","92","","","","34","","3","","16.1","","100.15","","","","","","Rain"
"-71.39","46.79","QUEBEC INTL A","7016293","2025-05-24 08:00","2025","05","24","08:00","","6.8","","4.0","","83","","","","2","","8","","12.9","","100.17","","","","","","Rain"
"-71.39","46.79","QUEBEC INTL A","7016293","2025-05-24 09:00","2025","05","24","09:00","","7.4","","5.2","","86","","","","32","","4","","12.9","","100.17","","","","","","NA"
"-71.39","46.79","QUEBEC INTL A","7016293","2025-05-24 10:00","2025","05","24","10:00","","7.4","","6.2","","92","","","","9","","11","","9.7","","100.19","","","","","","Rain,Fog"
"-71.39","46.79","QUEBEC INTL A","7016293","2025-05-24 11:00","2025","05","24","11:00","","8.3","","6.3","","87","","","","11","","9","","16.1","","100.19","","","","","","Rain"
"-71.39","46.79","QUEBEC INTL A","7016293","2025-05-24 12:00","2025","05","24","12:00","","8.7","","5.3","","79","","","","6","","10","","19.3","","100.21","","","","","","Rain"
"-71.39","46.79","QUEBEC INTL A","7016293","2025-05-24 13:00","2025","05","24","13:00","","8.6","","5.8","","82","","","","11","","18","","19.3","","100.23","","","","","","Rain"
"-71.39","46.79","QUEBEC INTL A","7016293","2025-05-24 14:00","2025","05","24","14:00","","8.6","","6.9","","89","","","","9","","14","","19.3","","100.27","","","","","","Rain"
"-71.39","46.79","QUEBEC INTL A","7016293","2025-05-24 15:00","2025","05","24","15:00","","8.5","","6.5","","87","","","","11","","12","","24.1","","100.29","","","","","","Rain"
"-71.39","46.79","QUEBEC INTL A","7016293","2025-05-24 16:00","2025","05","24","16:00","","8.4","","7.2","","92","","","","10","","12","","16.1","","100.34","","","","","","Rain"
"-71.39","46.79","QUEBEC INTL A","7016293","2025-05-24 17:00","2025","05","24","17:00","","8.2","","6.9","","91","","","","13","","8","","19.3","","100.38","","","","","","Rain"
"-71.39","46.79","QUEBEC INTL A","7016293","2025-05-24 18:00","2025","05","24","18:00","","7.9","","7.2","","95","","","","9","","17","","8.1","","100.45","","","","","","Rain,Fog"
"-71.39","46.79","QUEBEC INTL A","7016293","2025-05-24 19:00","2025","05","24","19:00","","7.6","","7.5","","99","","","","15","","5","","16.1","","100.49","","","","","","Rain"
"-71.39","46.79","QUEBEC INTL A","7016293","2025-05-24 20:00","2025","05","24","20:00","","7.3","","7.2","","100","","","","13","","7","","9.7","","100.51","","","","","","Drizzle,Fog"
"-71.39","46.79","QUEBEC INTL A","7016293","2025-05-24 21:00","2025","05","24","21:00","","7.0","","7.0","","100","","","","18","","4","","9.7","","100.51","","","","","","Drizzle,Fog"
"-71.39","46.79","QUEBEC INTL A","7016293","2025-05-24 22:00","2025","05","24","22:00","","7.1","","7.1","","100","","","","","","0","","9.7","","100.50","","","","","","Drizzle,Fog"
"-71.39","46.79","QUEBEC INTL A","7016293","2025-05-24 23:00","2025","05","24","23:00","","6.8","","6.8","","100","","","","16","","4","","9.7","","100.48","","","","","","Drizzle,Fog"
"-71.39","46.79","QUEBEC INTL A","7016293","2025-05-25 00:00","2025","05","25","00:00","","6.8","","6.8","","100","","","","21","","6","","12.9","","100.46","","","","","","NA"
"-71.39","46.79","QUEBEC INTL A","7016293","2025-05-25 01:00","2025","05","25","01:00","","6.6","","6.6","","100","","","","14","","3","","9.7","","100.50","","","","","","Drizzle,Fog"
"-71.39","46.79","QUEBEC INTL A","7016293","2025-05-25 02:00","2025","05","25","02:00","","6.6","","6.6","","100","","","","21","","5","","12.9","","100.54","","","","","","Drizzle"
"-71.39","46.79","QUEBEC INTL A","7016293","2025-05-25 03:00","2025","05","25","03:00","","6.6","","6.6","","100","","","","18","","4","","9.7","","100.57","","","","","","Drizzle,Fog"
"-71.39","46.79","QUEBEC INTL A","7016293","2025-05-25 04:00","2025","05","25","04:00","","6.6","","6.6","","100","","","","19","","3","","9.7","","100.62","","","","","","Drizzle,Fog"
"-71.39","46.79","QUEBEC INTL A","7016293","2025-05-25 05:00","2025","05","25","05:00","","6.6","","6.6","","100","","","","18","","5","","9.7","","100.69","","","","","","Drizzle,Fog"
"-71.39","46.79","QUEBEC INTL A","7016293","2025-05-25 06:00","2025","05","25","06:00","","6.8","","6.8","","100","","","","22","","5","","8.1","","100.76","","","","","","Fog"
"-71.39","46.79","QUEBEC INTL A","7016293","2025-05-25 07:00","2025","05","25","07:00","","7.1","","7.1","","100","","","","26","","3","","6.4","","100.79","","","","","","Drizzle,Fog"
"-71.39","46.79","QUEBEC INTL A","7016293","2025-05-25 08:00","2025","05","25","08:00","","7.7","","7.7","","100","","","","24","","8","","16.1","","100.81","","","","","","NA"
"-71.39","46.79","QUEBEC INTL A","7016293","2025-05-25 09:00","2025","05","25","09:00","","8.1","","7.4","","95","","","","21","","7","","16.1","","100.82","","","","","","Drizzle"
"-71.39","46.79","QUEBEC INTL A","7016293","2025-05-25 10:00","2025","05","25","10:00","","9.4","","7.2","","86","","","","21","","7","","32.2","","100.82","","","","","","Mostly Cloudy"
"-71.39","46.79","QUEBEC INTL A","7016293","2025-05-25 11:00","2025","05","25","11:00","","10.1","","7.2","","82","","","","21","","7","","32.2","","100.83","","","","","","NA"
"-71.39","46.79","QUEBEC INTL A","7016293","2025-05-25 12:00","2025","05","25","12:00","","11.7","","8.0","","78","","","","16","","9","","40.2","","100.80","","","","","","NA"
"-71.39","46.79","QUEBEC INTL A","7016293","2025-05-25 13:00","2025","05","25","13:00","","11.9","","7.0","","72","","","","11","","8","","40.2","","100.81","","","","","","Mostly Cloudy"
"-71.39","46.79","QUEBEC INTL A","7016293","2025-05-25 14:00","2025","05","25","14:00","","12.8","","6.7","","66","","","","4","","6","","40.2","","100.81","","","","","","NA"
"-71.39","46.79","QUEBEC INTL A","7016293","2025-05-25 15:00","2025","05","25","15:00","","13.3","","8.6","","73","","","","9","","14","","40.2","","100.86","","","","","","NA"
"-71.39","46.79","QUEBEC INTL A","7016293","2025-05-25 16:00","2025","05","25","16:00","","12.1","","8.7","","80","","","","9","","14","","24.1","","100.88","","","","","","Mostly Cloudy"
"-71.39","46.79","QUEBEC INTL A","7016293","2025-05-25 17:00","2025","05","25","17:00","","12.6","","7.2","","70","","","","11","","19","","40.2","","100.88","","","","","","NA"
"-71.39","46.79","QUEBEC INTL A","7016293","2025-05-25 18:00","2025","05","25","18:00","","12.1","","7.0","","70","","","","6","","13","","40.2","","100.92","","","","","","NA"
"-71.39","46.79","QUEBEC INTL A","7016293","2025-05-25 19:00","2025","05","25","19:00","","10.9","","6.6","","75","","","","8","","5","","24.1","","100.91","","","","","","Mostly Cloudy"
"-71.39","46.79","QUEBEC INTL A","7016293","2025-05-25 20:00","2025","05","25","20:00","","9.4","","7.8","","90","","","","","","0","","24.1","","100.97","","","","","","NA"
"-71.39","46.79","QUEBEC INTL A","7016293","2025-05-25 21:00","2025","05","25","21:00","","7.3","","7.3","","100","","","","28","","5","","24.1","","100.99","","","","","","NA"
"-71.39","46.79","QUEBEC INTL A","7016293","2025-05-25 22:00","2025","05","25","22:00","","7.4","","7.3","","99","","","","","","0","","24.1","","101.01","","","","","","Mainly Clear"
"-71.39","46.79","QUEBEC INTL A","7016293","2025-05-25 23:00","2025","05","25","23:00","","5.4","","5.4","","100","","","","","","0","","24.1","","101.03","","","","","","NA"
"-71.39","46.79","QUEBEC INTL A","7016293","2025-05-26 00:00","2025","05","26","00:00","","5.2","","5.2","","100","","","","","","0","","24.1","","101.02","","","","","","NA"
"-71.39","46.79","QUEBEC INTL A","7016293","2025-05-26 01:00","2025","05","26","01:00","","5.0","","5.0","","100","","","","","","0","","24.1","","101.01","","","","","","Mostly Cloudy"
"-71.39","46.79","QUEBEC INTL A","7016293","2025-05-26 02:00","2025","05","26","02:00","","5.7","","5.7","","100","","","","10","","8","","24.1","","101.02","","","","","","NA"
"-71.39","46.79","QUEBEC INTL A","7016293","2025-05-26 03:00","2025","05","26","03:00","","6.0","","6.0","","100","","","","","","0","","24.1","","101.03","","","","","","NA"
"-71.39","46.79","QUEBEC INTL A","7016293","2025-05-26 04:00","2025","05","26","04:00","","4.6","","4.6","","100","","","","35","","4","","24.1","","101.05","","","","","","Mainly Clear"
"-71.39","46.79","QUEBEC INTL A","7016293","2025-05-26 05:00","2025","05","26","05:00","","6.0","","6.0","","100","","","","","","0","","48.3","","101.13","","","","","","NA"
"-71.39","46.79","QUEBEC INTL A","7016293","2025-05-26 06:00","2025","05","26","06:00","","8.3","","8.3","","100","","","","25","","4","","48.3","","101.22","","","","","","NA"
"-71.39","46.79","QUEBEC INTL A","7016293","2025-05-26 07:00","2025","05","26","07:00","","10.9","","9.1","","88","","","","20","","5","","48.3","","101.23","","","","","","Mainly Clear"
"-71.39","46.79","QUEBEC INTL A","7016293","2025-05-26 08:00","2025","05","26","08:00","","13.9","","9.5","","75","","","","22","","8","","48.3","","101.26","","","","","","NA"
"-71.39","46.79","QUEBEC INTL A","7016293","2025-05-26 09:00","2025","05","26","09:00","","15.9","","8.9","","63","","","","22","","13","","48.3","","101.24","","","","","","NA"
"-71.39","46.79","QUEBEC INTL A","7016293","2025-05-26 10:00","2025","05","26","10:00","","18.1","","10.2","","59","","","","21","","18","","48.3","","101.22","","","","","","Mainly Clear"
"-71.39","46.79","QUEBEC INTL A","7016293","2025-05-26 11:00","2025","05","26","11:00","","18.6","","10.4","","58","","","","21","","18","","48.3","","101.18","","","","","","NA"
"-71.39","46.79","QUEBEC INTL A","7016293","2025-05-26 12:00","2025","05","26","12:00","","21.9","","8.3","","41","","","","24","","19","","48.3","","101.15","","","","","","NA"
"-71.39","46.79","QUEBEC INTL A","7016293","2025-05-26 13:00","2025","05","26","13:00","","21.1","","7.5","","41","","","","22","","19","","48.3","","101.13","","","","","","Mostly Cloudy"
"-71.39","46.79","QUEBEC INTL A","7016293","2025-05-26 14:00","2025","05","26","14:00","","21.7","","6.2","","36","","","","22","","22","","48.3","","101.10","","","","","","NA"
"-71.39","46.79","QUEBEC INTL A","7016293","2025-05-26 15:00","2025","05","26","15:00","","22.8","","7.1","","36","","","","22","","18","","48.3","","101.07","","","","","","NA"
"-71.39","46.79","QUEBEC INTL A","7016293","2025-05-26 16:00","2025","05","26","16:00","","22.4","","7.2","","37","","","","25","","28","","48.3","","101.05","","","","","","Mostly Cloudy"
"-71.39","46.79","QUEBEC INTL A","7016293","2025-05-26 17:00","2025","05","26","17:00","","21.9","","7.2","","38","","","","25","","22","","48.3","","101.05","","","","","","NA"
"-71.39","46.79","QUEBEC INTL A","7016293","2025-05-26 18:00","2025","05","26","18:00","","20.9","","7.1","","41","","","","25","","14","","48.3","","101.09","","","","","","NA"
"-71.39","46.79","QUEBEC INTL A","7016293","2025-05-26 19:00","2025","05","26","19:00","","17.5","","7.4","","51","","","","25","","16","","48.3","","101.13","","","","","","Mainly Clear"
"-71.39","46.79","QUEBEC INTL A","7016293","2025-05-26 20:00","2025","05","26","20:00","","16.7","","7.0","","52","","","","24","","16","","48.3","","101.19","","","","","","NA"
"-71.39","46.79","QUEBEC INTL A","7016293","2025-05-26 21:00","2025","05","26","21:00","","14.2","","7.6","","65","","","","23","","17","","24.1","","101.23","","","","","","NA"
"-71.39","46.79","QUEBEC INTL A","7016293","2025-05-26 22:00","2025","05","26","22:00","","15.2","","7.7","","60","","","","25","","13","","24.1","","101.26","","","","","","Mainly Clear"
"-71.39","46.79","QUEBEC INTL A","7016293","2025-05-26 23:00","2025","05","26","23:00","","13.3","","8.0","","70","","","","20","","13","","24.1","","101.27","","","","","","NA"
"-71.39","46.79","QUEBEC INTL A","7016293","2025-05-27 00:00","2025","05","27","00:00","","11.2","","7.2","","76","","","","22","","14","","24.1","","101.30","","","","","","NA"
"-71.39","46.79","QUEBEC INTL A","7016293","2025-05-27 01:00","2025","05","27","01:00","","11.3","","8.2","","81","","","","27","","6","","24.1","","101.34","","","","","","Clear"
"-71.39","46.79","QUEBEC INTL A","7016293","2025-05-27 02:00","2025","05","27","02:00","","9.0","","7.6","","91","","","","28","","4","","24.1","","101.38","","","","","","NA"
"-71.39","46.79","QUEBEC INTL A","7016293","2025-05-27 03:00","2025","05","27","03:00","","7.4","","7.1","","98","","","","21","","6","","24.1","","101.42","","","","","","NA"
"-71.39","46.79","QUEBEC INTL A","7016293","2025-05-27 04:00","2025","05","27","04:00","","6.1","","6.1","","100","","","","","","0","","40.2","","101.45","","","","","","Clear"
"-71.39","46.79","QUEBEC INTL A","7016293","2025-05-27 05:00","2025","05","27","05:00","","7.8","","7.6","","99","","","","26","","8","","40.2","","101.53","","","","","","NA"
"-71.39","46.79","QUEBEC INTL A","7016293","2025-05-27 06:00","2025","05","27","06:00","","11.3","","9.3","","88","","","","25","","13","","48.3","","101.59","","","","","","NA"
"-71.39","46.79","QUEBEC INTL A","7016293","2025-05-27 07:00","2025","05","27","07:00","","13.5","","10.2","","80","","","","25","","14","","48.3","","101.61","","","","","","Clear"
"-71.39","46.79","QUEBEC INTL A","7016293","2025-05-27 08:00","2025","05","27","08:00","","15.7","","11.3","","75","","","","23","","11","","48.3","","101.64","","","","","","NA"
"-71.39","46.79","QUEBEC INTL A","7016293","2025-05-27 09:00","2025","05","27","09:00","","17.5","","11.5","","67","","","","21","","22","","48.3","","101.62","","","","","","NA"
"-71.39","46.79","QUEBEC INTL A","7016293","2025-05-27 10:00","2025","05","27","10:00","","19.6","","11.8","","60","","","","22","","21","","48.3","","101.59","","","","","","Mainly Clear"
"-71.39","46.79","QUEBEC INTL A","7016293","2025-05-27 11:00","2025","05","27","11:00","","21.6","","10.2","","48","","","","21","","26","","48.3","","101.53","","","","","","NA"
"-71.39","46.79","QUEBEC INTL A","7016293","2025-05-27 12:00","2025","05","27","12:00","","24.0","","12.9","","49","","","","22","","19","","48.3","","101.47","","27","","","","NA"
"-71.39","46.79","QUEBEC INTL A","7016293","2025-05-27 13:00","2025","05","27","13:00"
"-71.39","46.79","QUEBEC INTL A","7016293","2025-05-27 14:00","2025","05","27","14:00","","26.2","","7.4","","30","","","","23","","21","","48.3","","101.35","","26","","","","NA"
"-71.39","46.79","QUEBEC INTL A","7016293","2025-05-27 15:00","2025","05","27","15:00","","24.6","","6.3","","30","","","","22","","21","","48.3","","101.30","","","","","","NA"
"-71.39","46.79","QUEBEC INTL A","7016293","2025-05-27 16:00","2025","05","27","16:00","","25.8","","6.8","","29","","","","23","","24","","48.3","","101.24","","26","","","","Mainly Clear"
"-71.39","46.79","QUEBEC INTL A","7016293","2025-05-27 17:00","2025","05","27","17:00","","24.1","","7.0","","33","","","","24","","19","","48.3","","101.22","","","","","","NA"
"-71.39","46.79","QUEBEC INTL A","7016293","2025-05-27 18:00","2025","05","27","18:00","","21.6","","8.8","","44","","","","25","","14","","48.3","","101.24","","","","","","NA"
"-71.39","46.79","QUEBEC INTL A","7016293","2025-05-27 19:00","2025","05","27","19:00","","19.2","","6.3","","43","","","","26","","13","","48.3","","101.25","","","","","","Mainly Clear"
"-71.39","46.79","QUEBEC INTL A","7016293","2025-05-27 20:00","2025","05","27","20:00","","17.6","","6.1","","47","","","","25","","10","","48.3","","101.27","","","","","","NA"
"-71.39","46.79","QUEBEC INTL A","7016293","2025-05-27 21:00","2025","05","27","21:00","","17.0","","6.2","","49","","","","23","","8","","24.1","","101.30","","","","","","NA"
"-71.39","46.79","QUEBEC INTL A","7016293","2025-05-27 22:00","2025","05","27","22:00","","15.8","","6.2","","53","","","","23","","8","","24.1","","101.31","","","","","","Clear"
"-71.39","46.79","QUEBEC INTL A","7016293","2025-05-27 23:00","2025","05","27","23:00","","14.0","","6.6","","61","","","","15","","4","","24.1","","101.34","","","","","","NA"
"-71.39","46.79","QUEBEC INTL A","7016293","2025-05-28 00:00","2025","05","28","00:00","","14.1","","6.6","","60","","","","12","","5","","24.1","","101.34","","","","","","NA"
"-71.39","46.79","QUEBEC INTL A","7016293","2025-05-28 01:00","2025","05","28","01:00","","12.0","","6.9","","71","","","","","","0","","24.1","","101.35","","","","","","Clear"
"-71.39","46.79","QUEBEC INTL A","7016293","2025-05-28 02:00","2025","05","28","02:00","","9.5","","7.1","","85","","","","","","0","","24.1","","101.35","","","","","","NA"
"-71.39","46.79","QUEBEC INTL A","7016293","2025-05-28 03:00","2025","05","28","03:00","","8.1","","7.2","","94","","","","2","","3","","24.1","","101.37","","","","","","NA"
"-71.39","46.79","QUEBEC INTL A","7016293","2025-05-28 04:00","2025","05","28","04:00","","7.4","","6.9","","96","","","","35","","4","","48.3","","101.40","","","","","","Clear"
"-71.39","46.79","QUEBEC INTL A","7016293","2025-05-28 05:00","2025","05","28","05:00","","8.0","","7.5","","97","","","","27","","3","","48.3","","101.47","","","","","","NA"
"-71.39","46.79","QUEBEC INTL A","7016293","2025-05-28 06:00","2025","05","28","06:00","","12.7","","9.1","","78","","","","","","0","","48.3","","101.52","","","","","","NA"
"-71.39","46.79","QUEBEC INTL A","7016293","2025-05-28 07:00","2025","05","28","07:00","","15.6","","10.4","","71","","","","21","","9","","48.3","","101.54","","","","","","Clear"
"-71.39","46.79","QUEBEC INTL A","7016293","2025-05-28 08:00","2025","05","28","08:00","","18.1","","11.4","","64","","","","21","","10","","48.3","","101.54","","","","","","NA"
"-71.39","46.79","QUEBEC INTL A","7016293","2025-05-28 09:00","2025","05","28","09:00","","20.4","","9.4","","49","","","","22","","11","","48.3","","101.46","","","","","","NA"
"-71.39","46.79","QUEBEC INTL A","7016293","2025-05-28 10:00","2025","05","28","10:00","","22.4","","9.2","","43","","","","22","","19","","48.3","","101.41","","","","","","Clear"
"-71.39","46.79","QUEBEC INTL A","7016293","2025-05-28 11:00","2025","05","28","11:00","","24.0","","9.1","","38","","","","22","","21","","48.3","","101.34","","25","","","","NA"
"-71.39","46.79","QUEBEC INTL A","7016293","2025-05-28 12:00","2025","05","28","12:00","","25.9","","4.7","","25","","","","23","","26","","48.3","","101.29","","25","","","","NA"
"-71.39","46.79","QUEBEC INTL A","7016293","2025-05-28 13:00","2025","05","28","13:00","","26.6","","4.5","","24","","","","22","","27","","48.3","","101.23","","26","","","","Clear"
"-71.39","46.79","QUEBEC INTL A","7016293","2025-05-28 14:00","2025","05","28","14:00","","26.5","","2.7","","21","","","","23","","31","","48.3","","101.14","","25","","","","NA"
"-71.39","46.79","QUEBEC INTL A","7016293","2025-05-28 15:00","2025","05","28","15:00","","26.7","","5.1","","25","","","","22","","30","","48.3","","101.08","","26","","","","NA"
"-71.39","46.79","QUEBEC INTL A","7016293","2025-05-28 16:00","2025","05","28","16:00","","26.4","","3.8","","23","","","","24","","23","","48.3","","101.02","","25","","","","Clear"
"-71.39","46.79","QUEBEC INTL A","7016293","2025-05-28 17:00","2025","05","28","17:00","","25.9","","3.8","","24","","","","23","","22","","48.3","","100.96","","25","","","","NA"
"-71.39","46.79","QUEBEC INTL A","7016293","2025-05-28 18:00","2025","05","28","18:00","","24.1","","5.7","","30","","","","25","","17","","48.3","","100.94","","","","","","NA"
"-71.39","46.79","QUEBEC INTL A","7016293","2025-05-28 19:00","2025","05","28","19:00","","20.7","","7.2","","41","","","","25","","10","","48.3","","100.92","","","","","","Clear"
"-71.39","46.79","QUEBEC INTL A","7016293","2025-05-28 20:00","2025","05","28","20:00","","18.0","","6.0","","45","","","","23","","8","","48.3","","100.94","","","","","","NA"
"-71.39","46.79","QUEBEC INTL A","7016293","2025-05-28 21:00","2025","05","28","21:00","","16.0","","8.2","","59","","","","","","0","","24.1","","100.96","","","","","","NA"
"-71.39","46.79","QUEBEC INTL A","7016293","2025-05-28 22:00","2025","05","28","22:00","","13.2","","7.4","","68","","","","","","0","","24.1","","100.94","","","","","","Clear"
"-71.39","46.79","QUEBEC INTL A","7016293","2025-05-28 23:00","2025","05","28","23:00","","12.2","","7.5","","73","","","","","","0","","24.1","","100.89","","","","","","NA"
"-71.39","46.79","QUEBEC INTL A","7016293","2025-05-29 00:00","2025","05","29","00:00","","12.1","","7.3","","72","","","","22","","3","","24.1","","100.86","","","","","","NA"
"-71.39","46.79","QUEBEC INTL A","7016293","2025-05-29 01:00","2025","05","29","01:00","","9.9","","7.7","","86","","","","","","0","","24.1","","100.82","","","","","","Clear"
"-71.39","46.79","QUEBEC INTL A","7016293","2025-05-29 02:00","2025","05","29","02:00","","9.5","","6.9","","84","","","","","","0","","24.1","","100.82","","","","","","NA"
"-71.39","46.79","QUEBEC INTL A","7016293","2025-05-29 03:00","2025","05","29","03:00","","8.7","","7.4","","92","","","","35","","3","","24.1","","100.79","","","","","","NA"
"-71.39","46.79","QUEBEC INTL A","7016293","2025-05-29 04:00","2025","05","29","04:00","","7.6","","6.6","","93","","","","31","","3","","48.3","","100.79","","","","","","Mostly Cloudy"
"-71.39","46.79","QUEBEC INTL A","7016293","2025-05-29 05:00","2025","05","29","05:00","","10.0","","8.8","","92","","","","","","0","","48.3","","100.77","","","","","","NA"
"-71.39","46.79","QUEBEC INTL A","7016293","2025-05-29 06:00","2025","05","29","06:00","","12.9","","8.9","","77","","","","25","","9","","48.3","","100.77","","","","","","NA"
"-71.39","46.79","QUEBEC INTL A","7016293","2025-05-29 07:00","2025","05","29","07:00","","15.9","","10.1","","68","","","","26","","22","","48.3","","100.75","","","","","","Mostly Cloudy"
"-71.39","46.79","QUEBEC INTL A","7016293","2025-05-29 08:00","2025","05","29","08:00","","18.2","","11.7","","65","","","","26","","22","","48.3","","100.71","","","","","","NA"
"-71.39","46.79","QUEBEC INTL A","7016293","2025-05-29 09:00","2025","05","29","09:00","","20.0","","12.6","","62","","","","26","","19","","48.3","","100.60","","","","","","NA"
"-71.39","46.79","QUEBEC INTL A","7016293","2025-05-29 10:00","2025","05","29","10:00","","21.1","","12.4","","57","","","","24","","19","","48.3","","100.54","","","","","","Mostly Cloudy"
"-71.39","46.79","QUEBEC INTL A","7016293","2025-05-29 11:00","2025","05","29","11:00","","22.8","","13.6","","55","","","","24","","21","","48.3","","100.43","","26","","","","NA"
"-71.39","46.79","QUEBEC INTL A","7016293","2025-05-29 12:00","2025","05","29","12:00","","21.6","","14.1","","62","","","","24","","21","","48.3","","100.33","","25","","","","NA"
"-71.39","46.79","QUEBEC INTL A","7016293","2025-05-29 13:00","2025","05","29","13:00","","22.8","","13.6","","56","","","","25","","25","","48.3","","100.24","","26","","","","Mostly Cloudy"
"-71.39","46.79","QUEBEC INTL A","7016293","2025-05-29 14:00","2025","05","29","14:00","","20.7","","13.1","","61","","","","25","","27","","48.3","","100.20","","","","","","NA"
"-71.39","46.79","QUEBEC INTL A","7016293","2025-05-29 15:00","2025","05","29","15:00","","19.3","","11.8","","61","","","","27","","27","","48.3","","100.13","","","","","","Rain Showers"
"-71.39","46.79","QUEBEC INTL A","7016293","2025-05-29 16:00","2025","05","29","16:00","","19.1","","13.7","","70","","","","24","","18","","48.3","","100.09","","","","","","Cloudy"
"-71.39","46.79","QUEBEC INTL A","7016293","2025-05-29 17:00","2025","05","29","17:00","","19.2","","12.9","","67","","","","24","","19","","48.3","","100.03","","","","","","NA"
"-71.39","46.79","QUEBEC INTL A","7016293","2025-05-29 18:00","2025","05","29","18:00","","18.8","","13.0","","69","","","","24","","10","","48.3","","99.95","","","","","","NA"
"-71.39","46.79","QUEBEC INTL A","7016293","2025-05-29 19:00","2025","05","29","19:00","","17.4","","12.5","","72","","","","25","","8","","48.3","","99.91","","","","","","Mostly Cloudy"
"-71.39","46.79","QUEBEC INTL A","7016293","2025-05-29 20:00","2025","05","29","20:00","","17.5","","11.1","","66","","","","24","","11","","40.2","","99.89","","","","","","NA"
"-71.39","46.79","QUEBEC INTL A","7016293","2025-05-29 21:00","2025","05","29","21:00","","16.0","","12.2","","78","","","","26","","11","","24.1","","99.88","","","","","","Rain"
"-71.39","46.79","QUEBEC INTL A","7016293","2025-05-29 22:00","2025","05","29","22:00","","15.2","","13.3","","88","","","","25","","8","","24.1","","99.81","","","","","","Cloudy"
"-71.39","46.79","QUEBEC INTL A","7016293","2025-05-29 23:00","2025","05","29","23:00","","15.0","","14.0","","94","","","","23","","11","","24.1","","99.76","","","","","","NA"
"-71.39","46.79","QUEBEC INTL A","7016293","2025-05-30 00:00","2025","05","30","00:00","","14.9","","14.2","","96","","","","24","","11","","24.1","","99.66","","","","","","NA"
"-71.39","46.79","QUEBEC INTL A","7016293","2025-05-30 01:00","2025","05","30","01:00","","15.2","","14.3","","94","","","","23","","16","","24.1","","99.57","","","","","","Cloudy"
"-71.39","46.79","QUEBEC INTL A","7016293","2025-05-30 02:00","2025","05","30","02:00","","15.1","","14.1","","93","","","","24","","16","","24.1","","99.52","","","","","","NA"
"-71.39","46.79","QUEBEC INTL A","7016293","2025-05-30 03:00","2025","05","30","03:00","","14.8","","14.2","","96","","","","24","","14","","16.1","","99.45","","","","","","NA"
"-71.39","46.79","QUEBEC INTL A","7016293","2025-05-30 04:00","2025","05","30","04:00","","14.6","","14.2","","98","","","","24","","13","","19.3","","99.41","","","","","","Cloudy"
"-71.39","46.79","QUEBEC INTL A","7016293","2025-05-30 05:00","2025","05","30","05:00","","14.4","","14.3","","99","","","","23","","14","","12.9","","99.40","","","","","","Drizzle"
"-71.39","46.79","QUEBEC INTL A","7016293","2025-05-30 06:00","2025","05","30","06:00","","14.7","","14.1","","96","","","","24","","16","","16.1","","99.37","","","","","","Drizzle"
"-71.39","46.79","QUEBEC INTL A","7016293","2025-05-30 07:00","2025","05","30","07:00","","14.9","","14.7","","99","","","","24","","14","","9.7","","99.36","","","","","","Drizzle,Fog"
"-71.39","46.79","QUEBEC INTL A","7016293","2025-05-30 08:00","2025","05","30","08:00","","14.6","","14.6","","100","","","","24","","16","","2.4","","99.32","","","","","","Drizzle,Fog"
"-71.39","46.79","QUEBEC INTL A","7016293","2025-05-30 09:00","2025","05","30","09:00","","15.3","","14.9","","98","","","","24","","21","","8.1","","99.29","","","","","","Drizzle,Fog"
"-71.39","46.79","QUEBEC INTL A","7016293","2025-05-30 10:00","2025","05","30","10:00","","17.1","","15.0","","87","","","","25","","21","","19.3","","99.25","","","","","","Cloudy"
"-71.39","46.79","QUEBEC INTL A","7016293","2025-05-30 11:00","2025","05","30","11:00","","17.1","","15.6","","91","","","","24","","16","","24.1","","99.20","","","","","","Rain Showers"
"-71.39","46.79","QUEBEC INTL A","7016293","2025-05-30 12:00","2025","05","30","12:00","","17.7","","14.4","","81","","","","23","","21","","24.1","","99.14","","","","","","NA"
"-71.39","46.79","QUEBEC INTL A","7016293","2025-05-30 13:00","2025","05","30","13:00","","19.6","","15.8","","78","","","","24","","22","","48.3","","99.03","","","","","","Mostly Cloudy"
"-71.39","46.79","QUEBEC INTL A","7016293","2025-05-30 14:00","2025","05","30","14:00","","20.9","","15.7","","72","","","","24","","18","","48.3","","98.97","","25","","","","NA"
"-71.39","46.79","QUEBEC INTL A","7016293","2025-05-30 15:00","2025","05","30","15:00","","20.9","","13.9","","64","","","","24","","19","","48.3","","98.90","","","","","","NA"
"-71.39","46.79","QUEBEC INTL A","7016293","2025-05-30 16:00","2025","05","30","16:00","","21.4","","13.5","","60","","","","26","","28","","48.3","","98.87","","","","","","Mainly Clear"
"-71.39","46.79","QUEBEC INTL A","7016293","2025-05-30 17:00","2025","05","30","17:00","","20.8","","12.8","","60","","","","25","","20","","48.3","","98.82","","","","","","NA"
"-71.39","46.79","QUEBEC INTL A","7016293","2025-05-30 18:00","2025","05","30","18:00","","20.1","","12.6","","62","","","","27","","12","","48.3","","98.82","","","","","","NA"
"-71.39","46.79","QUEBEC INTL A","7016293","2025-05-30 19:00","2025","05","30","19:00","","17.6","","12.7","","73","","","","26","","4","","48.3","","98.79","","","","","","Mostly Cloudy"
"-71.39","46.79","QUEBEC INTL A","7016293","2025-05-30 20:00","2025","05","30","20:00","","14.5","","12.8","","89","","","","21","","7","","48.3","","98.82","","","","","","NA"
"-71.39","46.79","QUEBEC INTL A","7016293","2025-05-30 21:00","2025","05","30","21:00","","15.0","","13.0","","87","","","","23","","4","","24.1","","98.83","","","","","","NA"
"-71.39","46.79","QUEBEC INTL A","7016293","2025-05-30 22:00","2025","05","30","22:00","","14.0","","12.9","","93","","","","29","","4","","24.1","","98.78","","","","","","Mostly Cloudy"
"-71.39","46.79","QUEBEC INTL A","7016293","2025-05-30 23:00","2025","05","30","23:00","","14.8","","12.8","","87","","","","29","","7","","24.1","","98.72","","","","","","NA"
"-71.39","46.79","QUEBEC INTL A","7016293","2025-05-31 00:00","2025","05","31","00:00","","13.7","","13.0","","96","","","","33","","5","","24.1","","98.65","","","","","","NA"
"-71.39","46.79","QUEBEC INTL A","7016293","2025-05-31 01:00","2025","05","31","01:00","","13.6","","12.8","","95","","","","17","","3","","24.1","","98.63","","","","","","Cloudy"
"-71.39","46.79","QUEBEC INTL A","7016293","2025-05-31 02:00","2025","05","31","02:00","","13.7","","12.7","","94","","","","16","","3","","24.1","","98.61","","","","","","Rain"
"-71.39","46.79","QUEBEC INTL A","7016293","2025-05-31 03:00","2025","05","31","03:00","","13.0","","13.0","","100","","","","35","","3","","24.1","","98.60","","","","","","NA"
"-71.39","46.79","QUEBEC INTL A","7016293","2025-05-31 04:00","2025","05","31","04:00","","13.3","","12.7","","96","","","","1","","6","","48.3","","98.52","","","","","","Mostly Cloudy"
"-71.39","46.79","QUEBEC INTL A","7016293","2025-05-31 05:00","2025","05","31","05:00","","13.5","","13.2","","98","","","","2","","3","","48.3","","98.52","","","","","","NA"
"-71.39","46.79","QUEBEC INTL A","7016293","2025-05-31 06:00","2025","05","31","06:00","","14.6","","13.5","","93","","","","1","","5","","48.3","","98.49","","","","","","NA"
"-71.39","46.79","QUEBEC INTL A","7016293","2025-05-31 07:00","2025","05","31","07:00","","15.8","","13.5","","86","","","","6","","9","","48.3","","98.49","","","","","","Mostly Cloudy"
"-71.39","46.79","QUEBEC INTL A","7016293","2025-05-31 08:00","2025","05","31","08:00","","17.4","","13.3","","77","","","","8","","18","","48.3","","98.43","","","","","","NA"
"-71.39","46.79","QUEBEC INTL A","7016293","2025-05-31 09:00","2025","05","31","09:00","","18.2","","13.8","","75","","","","7","","18","","48.3","","98.35","","","","","","NA"
"-71.39","46.79","QUEBEC INTL A","7016293","2025-05-31 10:00","2025","05","31","10:00","","17.5","","13.1","","75","","","","8","","23","","48.3","","98.27","","","","","","Cloudy"
"-71.39","46.79","QUEBEC INTL A","7016293","2025-05-31 11:00","2025","05","31","11:00","","18.3","","13.5","","74","","","","8","","23","","48.3","","98.18","","","","","","NA"
"-71.39","46.79","QUEBEC INTL A","7016293","2025-05-31 12:00","2025","05","31","12:00","","16.4","","14.4","","88","","","","7","","26","","16.1","","98.04","","","","","","Rain"
"-71.39","46.79","QUEBEC INTL A","7016293","2025-05-31 13:00","2025","05","31","13:00","","15.8","","14.7","","93","","","","8","","21","","16.1","","97.94","","","","","","Rain"
"-71.39","46.79","QUEBEC INTL A","7016293","2025-05-31 14:00","2025","05","31","14:00","","15.2","","15.1","","99","","","","7","","16","","16.1","","97.87","","","","","","Rain"
"-71.39","46.79","QUEBEC INTL A","7016293","2025-05-31 15:00","2025","05","31","15:00","","14.3","","14.3","","100","","","","7","","22","","12.9","","97.79","","","","","","Rain"
"-71.39","46.79","QUEBEC INTL A","7016293","2025-05-31 16:00","2025","05","31","16:00","","13.5","","13.2","","99","","","","7","","21","","12.9","","97.77","","","","","","Rain"
"-71.39","46.79","QUEBEC INTL A","7016293","2025-05-31 17:00","2025","05","31","17:00","","13.5","","13.5","","100","","","","5","","6","","12.9","","97.70","","","","","","Rain"
"-71.39","46.79","QUEBEC INTL A","7016293","2025-05-31 18:00","2025","05","31","18:00","","13.0","","12.3","","95","","","","1","","10","","4.8","","97.69","","","","","","Moderate Rain,Fog"
"-71.39","46.79","QUEBEC INTL A","7016293","2025-05-31 19:00","2025","05","31","19:00","","11.6","","10.7","","94","","","","1","","12","","9.7","","97.66","","","","","","Rain,Fog"
"-71.39","46.79","QUEBEC INTL A","7016293","2025-05-31 20:00","2025","05","31","20:00","","11.0","","10.1","","94","","","","1","","14","","6.4","","97.67","","","","","","Rain,Fog"
"-71.39","46.79","QUEBEC INTL A","7016293","2025-05-31 21:00","2025","05","31","21:00","","10.6","","10.0","","96","","","","","","0","","9.7","","97.68","","","","","","Rain,Fog"
"-71.39","46.79","QUEBEC INTL A","7016293","2025-05-31 22:00","2025","05","31","22:00","","10.3","","9.4","","94","","","","28","","6","","9.7","","97.65","","","","","","Rain,Fog"
"-71.39","46.79","QUEBEC INTL A","7016293","2025-05-31 23:00","2025","05","31","23:00","","9.9","","9.5","","98","","","","24","","16","","9.7","","97.65","","","","","","Rain,Fog"
